59942.948109	2260795381.035	   0.004	8049
59942.948225	2260795339.434	   0.004	8049
59942.948340	2260795305.734	   0.006	8049
59942.948456	2260795262.634	   0.006	8049
59942.948572	2260795220.134	   0.004	8049
59942.948688	2260795184.034	   0.005	8049
59942.948803	2260795151.734	   0.005	8049
59942.949035	2260795007.933	   0.012	8049
59942.949150	2260794970.333	   0.015	8049
59942.949266	2260794929.733	   0.020	8049
59942.949382	2260794893.933	   0.024	8049
59942.949498	2260794855.433	   0.023	8049
59942.949614	2260794817.933	   0.023	8049
59942.949729	2260794789.133	   0.028	8049
59942.949845	2260794752.933	   0.028	8049
59942.949961	2260794721.732	   0.033	8049
59942.950076	2260794689.232	   0.034	8049
59942.950192	2260794659.932	   0.037	8049
59942.950308	2260794622.532	   0.042	8049
59942.950424	2260794590.932	   0.054	8049
59942.950539	2260794555.032	   0.055	8049
59942.950655	2260794524.532	   0.054	8049
59942.950771	2260794492.432	   0.065	8049
59942.950887	2260794462.032	   0.051	8049
59942.951002	2260794431.031	   0.057	8049
59942.951118	2260794403.631	   0.054	8049
59942.951234	2260794376.831	   0.061	8049
59942.951350	2260794351.131	   0.070	8049
59942.951465	2260794325.431	   0.061	8049
59942.951581	2260794300.531	   0.066	8049
59942.951697	2260794276.431	   0.135	8049
59942.951813	2260794248.131	   0.132	8049
59942.951928	2260794222.031	   0.114	8049
59942.952044	2260794196.631	   0.116	8049
59942.952160	2260794169.031	   0.120	8049
59942.952275	2260794144.730	   0.120	8049
59942.952391	2260794120.830	   0.147	8049
59942.952507	2260794097.530	   0.144	8049
59942.952623	2260794077.630	   0.173	8049
59942.952738	2260794059.130	   0.158	8049
59942.952854	2260794041.030	   0.168	8049
59942.952970	2260794025.630	   0.192	8049
59942.953086	2260794008.930	   0.264	8049
59942.953201	2260793986.330	   0.119	8049
59942.953317	2260793963.530	   0.145	8049
59942.953433	2260793944.430	   0.126	8049
59942.953549	2260793926.330	   0.149	8049
59942.953664	2260793909.630	   0.139	8049
59942.953780	2260793894.930	   0.157	8049
59942.953896	2260793879.130	   0.198	8049
59942.954012	2260793865.930	   0.187	8049
59942.954127	2260793851.930	   0.186	8049
59942.954243	2260793839.829	   0.317	8049
59942.954359	2260793830.229	   0.288	8049
59942.954474	2260793821.629	   0.585	8049
59942.954590	2260793805.929	   0.179	8049
59942.954706	2260793793.629	   0.186	8049
59942.954822	2260793779.929	   0.181	8049
59942.954938	2260793769.529	   0.215	8049
59942.955053	2260793757.829	   0.323	8049
59942.955169	2260793748.629	   0.237	8049
59942.955285	2260793740.829	   0.654	8049
59942.955400	2260793735.129	   0.317	8049
59942.955516	2260793728.729	   0.426	8049
59942.955632	2260793725.029	   0.406	8049
59942.955748	2260793721.329	   1.945	8049
59942.955863	2260793719.229	   4.509	8049
59942.955979	2260793711.329	   0.887	8049
59942.956095	2260793705.529	   0.970	8049
59942.956211	2260793699.229	   1.651	8049
59942.956326	2260793695.229	   1.787	8049
59942.956442	2260793691.729	   4.918	8049
59942.956558	2260793689.629	   4.782	8049
59942.956674	2260793689.029	  11.462	8049
59942.956789	2260793689.429	   7.445	8049
59942.956905	2260793690.929	   4.415	8049
59942.957021	2260793694.029	   2.250	8049
59942.957137	2260793698.429	   1.824	8049
59942.957252	2260793702.829	   8.496	8049
59942.957368	2260793702.329	  14.603	8049
59942.957484	2260793702.729	  12.538	8049
59942.957600	2260793703.929	   4.794	8049
59942.957715	2260793706.729	   2.514	8049
59942.957831	2260793711.429	   1.467	8049
59942.957947	2260793715.629	   1.544	8049
59942.958063	2260793723.329	   1.174	8049
59942.958178	2260793731.229	   1.315	8049
59942.958294	2260793738.429	   0.840	8049
59942.958410	2260793748.229	   0.663	8049
59942.999961	2260808212.177	   0.003	8049
59943.000076	2260808207.877	   1.828	8049
59943.000192	2260808196.977	   3.321	8049
59943.000424	2260808103.877	   1.873	8049
59943.000539	2260808093.677	   1.071	8049
59943.000655	2260808082.777	   1.013	8049
59943.000771	2260808069.477	   2.027	8049
59943.000887	2260808054.377	   1.106	8049
59943.001002	2260808040.777	   0.852	8049
59943.001118	2260808023.177	   1.222	8049
59943.001234	2260808005.677	   0.731	8049
59943.001350	2260807989.577	   0.721	8049
59943.001465	2260807970.577	   0.693	8049
59943.001581	2260807950.677	   0.738	8049
59943.001697	2260807938.376	   0.917	8049
59943.001813	2260807922.876	   0.660	8049
59943.001928	2260807906.276	   0.587	8049
59943.002044	2260807884.776	   0.629	8049
59943.002160	2260807869.076	   1.336	8049
59943.002275	2260807846.576	   0.819	8049
59943.002391	2260807823.876	   0.672	8049
59943.002507	2260807801.676	   0.853	8049
59943.002623	2260807781.776	   0.703	8049
59943.002738	2260807757.576	   0.714	8049
59943.002854	2260807726.876	   0.516	8049
59943.002970	2260807701.676	   0.688	8049
59943.003086	2260807681.876	   0.653	8049
59943.003201	2260807657.476	   0.619	8049
59943.003317	2260807634.775	   0.545	8049
59943.003433	2260807611.575	   0.618	8049
59943.003549	2260807587.175	   1.021	8049
59943.003665	2260807557.975	   0.669	8049
59943.003780	2260807534.975	   0.630	8049
59943.003896	2260807505.475	   0.610	8049
59943.004012	2260807473.775	   0.592	8049
59943.004127	2260807446.275	   0.567	8049
59943.004243	2260807413.275	   0.518	8049
59943.004359	2260807379.675	   0.536	8049
59943.004474	2260807346.674	   0.556	8049
59943.004590	2260807320.174	   0.706	8049
59943.004706	2260807287.874	   0.545	8049
59943.004822	2260807258.774	   0.486	8049
59943.004937	2260807226.274	   0.817	8049
59943.005053	2260807198.274	   0.513	8049
59943.005169	2260807163.774	   0.509	8049
59943.005285	2260807127.674	   0.512	8049
59943.005400	2260807094.574	   0.409	8049
59943.005516	2260807057.274	   0.389	8049
59943.005632	2260807022.673	   0.417	8049
59943.005748	2260806981.173	   0.354	8049
59943.005864	2260806947.073	   0.354	8049
59943.005979	2260806907.173	   0.362	8049
59943.006095	2260806868.773	   0.367	8049
59943.006211	2260806837.273	   0.352	8049
59943.006326	2260806796.273	   0.337	8049
59943.006442	2260806762.373	   0.693	8049
59943.006558	2260806721.072	   0.532	8049
59943.006674	2260806682.472	   0.708	8049
59943.006789	2260806644.572	   0.515	8049
59943.006905	2260806599.472	   0.504	8049
59943.007021	2260806557.372	   0.471	8049
59943.007137	2260806516.972	   0.482	8049
59943.007252	2260806472.172	   0.419	8049
59943.007368	2260806427.571	   0.443	8049
59943.007484	2260806381.671	   0.441	8049
59943.007600	2260806338.371	   0.528	8049
59943.007715	2260806298.671	   0.461	8049
59943.007831	2260806255.671	   0.477	8049
59943.007947	2260806214.171	   0.443	8049
59943.008062	2260806169.471	   0.414	8049
59943.008178	2260806120.870	   0.438	8049
59943.008294	2260806073.670	   0.368	8049
59943.008410	2260806029.270	   0.361	8049
59943.008525	2260805979.270	   0.346	8049
59943.008641	2260805931.070	   0.368	8049
59943.008757	2260805887.570	   0.360	8049
59943.008873	2260805832.269	   0.305	8049
59943.008988	2260805784.769	   0.283	8049
59943.009104	2260805728.069	   0.279	8049
59943.009220	2260805685.669	   0.449	8049
59943.009336	2260805636.669	   0.466	8049
59943.009451	2260805592.469	   0.437	8049
59943.009567	2260805537.668	   0.424	8049
59943.009683	2260805485.368	   0.418	8049
59943.009799	2260805442.268	   0.355	8049
59943.009914	2260805385.368	   0.427	8049
59943.010030	2260805335.668	   0.398	8049
59943.010146	2260805283.768	   0.365	8049
59943.010262	2260805231.267	   0.348	8049
59943.010377	2260805173.567	   0.402	8049
59943.010493	2260805115.267	   0.332	8049
59943.010609	2260805068.267	   0.333	8049
59943.010725	2260805012.467	   0.317	8049
59943.010840	2260804950.167	   0.335	8049
59943.010956	2260804897.166	   0.367	8049
59943.011072	2260804847.166	   0.308	8049
59943.011187	2260804789.466	   0.313	8049
59943.011303	2260804734.266	   0.269	8049
59943.011419	2260804676.766	   0.272	8049
59943.011535	2260804623.865	   0.282	8049
59943.011651	2260804570.565	   0.264	8049
59943.011766	2260804513.665	   0.243	8049
59943.011882	2260804451.965	   0.249	8049
59943.011998	2260804398.965	   0.426	8049
59943.012113	2260804337.864	   0.331	8049
59943.012230	2260804280.564	   0.315	8049
59943.012345	2260804220.664	   0.327	8049
59943.012461	2260804154.164	   0.295	8049
59943.012577	2260804095.964	   0.311	8049
59943.012692	2260804034.063	   0.316	8049
59943.012808	2260803971.963	   0.337	8049
59943.012924	2260803916.063	   0.297	8049
59943.013039	2260803856.663	   0.291	8049
59943.013155	2260803794.163	   0.315	8049
59943.013271	2260803734.562	   0.265	8049
59943.013387	2260803672.262	   0.367	8049
59943.013502	2260803614.462	   0.275	8049
59943.013618	2260803560.062	   0.281	8049
59943.013734	2260803499.462	   0.243	8049
59943.013850	2260803433.961	   0.245	8049
59943.013965	2260803370.061	   0.246	8049
59943.014081	2260803309.161	   0.257	8049
59943.014197	2260803243.461	   0.216	8049
59943.014313	2260803178.761	   0.226	8049
59943.014428	2260803120.560	   0.216	8049
59943.014544	2260803052.760	   0.194	8049
59943.014660	2260802988.560	   0.205	8049
59943.014775	2260802920.460	   0.419	8049
59943.014891	2260802855.360	   0.332	8049
59943.015007	2260802788.759	   0.345	8049
59943.015123	2260802731.759	   0.343	8049
59943.015238	2260802666.359	   0.342	8049
59943.015354	2260802601.359	   0.322	8049
59943.015470	2260802539.458	   0.337	8049
59943.015586	2260802478.558	   0.312	8049
59943.015701	2260802410.158	   0.321	8049
59943.015817	2260802340.158	   0.311	8049
59943.015933	2260802282.858	   0.314	8049
59943.016049	2260802215.957	   0.342	8049
59943.016164	2260802144.857	   0.453	8049
59943.016280	2260802085.557	   0.298	8049
59943.016396	2260802016.957	   0.329	8049
59943.016512	2260801950.056	   0.267	8049
59943.016627	2260801886.156	   0.258	8049
59943.016743	2260801817.656	   0.276	8049
59943.016859	2260801748.856	   0.251	8049
59943.016974	2260801684.056	   0.237	8049
59943.017090	2260801617.655	   0.269	8049
59943.017206	2260801553.155	   0.223	8049
59943.017322	2260801481.055	   0.269	8049
59943.017438	2260801413.755	   0.230	8049
59943.017553	2260801336.254	   0.250	8049
59943.017669	2260801277.654	   0.327	8049
59943.017785	2260801211.754	   0.378	8049
59943.017900	2260801147.054	   0.370	8049
59943.018016	2260801074.854	   0.317	8049
59943.018132	2260801010.153	   0.308	8049
59943.018248	2260800937.253	   0.310	8049
59943.018363	2260800876.053	   0.319	8049
59943.018479	2260800800.753	   0.319	8049
59943.018595	2260800735.652	   0.286	8049
59943.018711	2260800671.352	   0.321	8049
59943.018827	2260800601.752	   0.315	8049
59943.018942	2260800538.152	   0.308	8049
59943.019058	2260800471.152	   0.357	8049
59943.019174	2260800398.751	   0.401	8049
59943.019289	2260800332.651	   0.344	8049
59943.019405	2260800271.151	   0.329	8049
59943.019521	2260800196.651	   0.350	8049
59943.019637	2260800134.050	   0.355	8049
59943.019752	2260800069.250	   0.362	8049
59943.019868	2260799996.750	   0.348	8049
59943.019984	2260799931.850	   0.346	8049
59943.020100	2260799863.650	   0.324	8049
59943.020215	2260799798.449	   0.349	8049
59943.020331	2260799732.849	   0.318	8049
59943.020447	2260799661.849	   0.311	8049
59943.020563	2260799598.649	   0.329	8049
59943.020678	2260799536.948	   0.299	8049
59943.020794	2260799462.548	   0.341	8049
59943.020910	2260799398.748	   0.285	8049
59943.021025	2260799334.648	   0.278	8049
59943.021141	2260799273.848	   0.311	8049
59943.021257	2260799202.847	   0.290	8049
59943.021373	2260799138.547	   0.292	8049
59943.021488	2260799072.947	   0.310	8049
59943.021604	2260799006.847	   0.265	8049
59943.021720	2260798940.446	   0.276	8049
59943.021836	2260798873.146	   0.405	8049
59943.021951	2260798799.146	   0.370	8049
59943.022067	2260798734.846	   0.399	8049
59943.022183	2260798674.146	   0.425	8049
59943.022299	2260798606.745	   0.346	8049
59943.022414	2260798535.345	   0.363	8049
59943.022530	2260798472.945	   0.373	8049
59943.022646	2260798409.245	   0.376	8049
59943.022762	2260798345.044	   0.414	8049
59943.022877	2260798281.344	   0.337	8049
59943.022993	2260798214.744	   0.351	8049
59943.023109	2260798152.144	   0.348	8049
59943.023224	2260798092.144	   0.403	8049
59943.023340	2260798026.643	   0.329	8049
59943.023456	2260797965.343	   0.311	8049
59943.023572	2260797902.643	   0.336	8049
59943.023687	2260797840.643	   0.324	8049
59943.023803	2260797778.843	   0.337	8049
59943.023919	2260797719.042	   0.338	8049
59943.024035	2260797654.042	   0.338	8049
59943.024150	2260797595.442	   0.312	8049
59943.024266	2260797527.742	   0.282	8049
59943.024382	2260797465.842	   0.347	8049
59943.024498	2260797398.741	   0.292	8049
59943.024613	2260797344.641	   0.439	8049
59943.024729	2260797277.541	   0.373	8049
59943.024845	2260797216.541	   0.402	8049
59943.024961	2260797155.241	   0.371	8049
59943.025076	2260797096.340	   0.373	8049
59943.025192	2260797035.140	   0.377	8049
59943.025308	2260796976.540	   0.397	8049
59943.025424	2260796917.540	   0.377	8049
59943.025539	2260796857.540	   0.390	8049
59943.025655	2260796802.139	   0.417	8049
59943.025771	2260796751.139	   0.392	8049
59943.025887	2260796687.739	   0.389	8049
59943.026002	2260796631.639	   0.503	8049
59943.026118	2260796576.439	   0.345	8049
59943.026234	2260796514.538	   0.347	8049
59943.026349	2260796459.238	   0.356	8049
59943.026465	2260796398.638	   0.390	8049
59943.026581	2260796339.038	   0.312	8049
59943.026697	2260796285.238	   0.338	8049
59943.026812	2260796231.537	   0.348	8049
59943.026928	2260796167.937	   0.298	8049
59943.027044	2260796119.737	   0.338	8049
59943.027160	2260796063.437	   0.322	8049
59943.027275	2260796012.137	   0.329	8049
59943.027391	2260795957.637	   0.430	8049
59943.027507	2260795905.336	   0.326	8049
59943.027623	2260795855.336	   0.336	8049
59943.027738	2260795801.536	   0.339	8049
59943.027854	2260795749.336	   0.299	8049
59943.027970	2260795699.536	   0.321	8049
59943.028086	2260795644.435	   0.268	8049
59943.028201	2260795591.935	   0.271	8049
59943.028317	2260795539.435	   0.281	8049
59943.028433	2260795492.835	   0.296	8049
59943.028549	2260795440.135	   0.303	8049
59943.028664	2260795384.435	   0.274	8049
59943.028780	2260795331.134	   0.342	8049
59943.028896	2260795289.134	   0.485	8049
59943.029012	2260795240.634	   0.509	8049
59943.029127	2260795195.934	   0.478	8049
59943.029243	2260795148.234	   0.455	8049
59943.029359	2260795105.434	   0.426	8049
59943.029474	2260795060.034	   0.410	8049
59943.029590	2260795010.533	   0.380	8049
59943.029706	2260794966.433	   0.403	8049
59943.029822	2260794915.533	   0.385	8049
59943.029937	2260794868.733	   0.370	8049
59943.030053	2260794823.433	   0.406	8049
59943.030169	2260794782.533	   0.404	8049
59943.030285	2260794735.932	   0.385	8049
59943.030400	2260794690.732	   0.395	8049
59943.030516	2260794645.432	   0.362	8049
59943.030632	2260794609.532	   0.352	8049
59943.030748	2260794566.932	   0.362	8049
59943.030863	2260794526.032	   0.402	8049
59943.030979	2260794488.132	   0.343	8049
59943.031095	2260794449.731	   0.369	8049
59943.031211	2260794411.231	   0.316	8049
59943.031326	2260794367.531	   0.329	8049
59943.031442	2260794325.931	   0.309	8049
59943.031558	2260794287.031	   0.323	8049
59943.031674	2260794247.431	   0.588	8049
59943.031789	2260794210.831	   0.579	8049
59943.031905	2260794175.331	   0.538	8049
59943.032021	2260794134.130	   0.613	8049
59943.032137	2260794099.630	   0.675	8049
59943.032252	2260794068.530	   0.672	8049
59943.032368	2260794034.630	   0.608	8049
59943.032484	2260793997.930	   0.649	8049
59943.032600	2260793971.030	   0.669	8049
59943.032715	2260793935.330	   0.476	8049
59943.032831	2260793900.030	   0.494	8049
59943.032947	2260793866.030	   0.551	8049
59943.033062	2260793831.229	   0.776	8049
59943.033178	2260793799.229	   0.909	8049
59943.033294	2260793767.029	   0.892	8049
59943.033410	2260793738.329	   0.920	8049
59943.033526	2260793710.229	   0.780	8049
59943.033641	2260793681.329	   0.876	8049
59943.033757	2260793651.229	   0.819	8049
59943.033873	2260793627.329	   0.857	8049
59943.033988	2260793598.829	   1.109	8049
59943.034104	2260793578.329	   0.925	8049
59943.034220	2260793546.428	   0.727	8049
59943.034336	2260793516.128	   0.852	8049
59943.034451	2260793490.328	   1.024	8049
59943.034567	2260793465.428	   0.915	8049
59943.034683	2260793439.528	   1.059	8049
59943.034799	2260793417.828	   0.878	8049
59943.034914	2260793393.428	   1.180	8049
59943.035030	2260793368.228	   1.140	8049
59943.035146	2260793350.628	   0.964	8049
59943.035262	2260793328.528	   1.026	8049
59943.035377	2260793309.528	   1.057	8049
59943.035493	2260793290.828	   1.085	8049
59943.035609	2260793272.028	   0.888	8049
59943.035725	2260793251.628	   0.760	8049
59943.035840	2260793227.427	   0.909	8049
59943.035956	2260793210.327	   0.995	8049
59943.036072	2260793191.227	   0.991	8049
59943.036187	2260793172.127	   1.006	8049
59943.036303	2260793154.727	   1.005	8049
59943.036419	2260793141.227	   1.250	8049
59943.036535	2260793126.127	   1.180	8049
59943.036650	2260793113.827	   1.470	8049
59943.036766	2260793101.527	   1.742	8049
59943.036882	2260793090.127	   2.079	8049
59943.036998	2260793076.827	   1.128	8049
59943.037113	2260793063.327	   1.034	8049
59943.037229	2260793047.727	   1.613	8049
59943.037345	2260793034.627	   1.365	8049
59943.037461	2260793022.827	   1.447	8049
59943.037576	2260793010.527	   1.787	8049
59943.037692	2260793001.227	   2.148	8049
59943.037808	2260792992.027	   2.397	8049
59943.037924	2260792985.327	   2.300	8049
59943.038039	2260792979.727	   3.249	8049
59943.038155	2260792974.727	   3.314	8049
59943.038271	2260792970.827	   7.168	8049
59943.038387	2260792964.627	   1.710	8049
59943.038502	2260792956.427	   2.404	8049
59943.038618	2260792949.626	   3.509	8049
59943.038734	2260792942.626	   3.615	8049
59943.038849	2260792937.426	   4.703	8049
59943.038965	2260792933.626	   8.193	8049
59943.039081	2260792931.326	  10.907	8049
59943.039197	2260792929.726	  21.006	8049
59943.039312	2260792929.426	  19.252	8049
59943.039428	2260792929.826	  23.508	8049
59943.039544	2260792931.926	   7.823	8049
59943.039660	2260792934.826	   4.750	8049
59943.039775	2260792936.426	  10.387	8049
59943.039891	2260792934.626	  15.624	8049
59943.040007	2260792934.526	  28.026	8049
59943.040123	2260792935.126	  10.830	8049
59943.040238	2260792937.226	  11.151	8049
59943.040354	2260792940.226	   6.229	8049
59943.040470	2260792944.326	   3.708	8049
59943.040586	2260792949.926	   2.890	8049
59943.040702	2260792956.627	   2.355	8049
59943.040817	2260792963.327	   1.650	8049
59943.040933	2260792973.427	   1.611	8049
59943.041049	2260792980.027	   0.423	8049
59943.041280	2260792958.627	   0.001	8049
59943.082599	2260807070.774	   3.248	8049
59943.082715	2260807059.074	   2.357	8049
59943.082831	2260807048.773	   3.620	8049
59943.083062	2260806908.373	   2.075	8049
59943.083178	2260806898.473	   1.870	8049
59943.083294	2260806888.673	   1.681	8049
59943.083410	2260806875.873	   1.454	8049
59943.083525	2260806861.073	   1.150	8049
59943.083641	2260806850.073	   1.730	8049
59943.083757	2260806835.373	   1.473	8049
59943.083873	2260806819.473	   1.177	8049
59943.083988	2260806801.273	   1.178	8049
59943.084104	2260806782.673	   1.155	8049
59943.084220	2260806762.073	   1.082	8049
59943.084336	2260806741.872	   0.997	8049
59943.084451	2260806726.572	   1.410	8049
59943.084567	2260806711.072	   1.369	8049
59943.084683	2260806693.072	   1.013	8049
59943.084799	2260806674.772	   0.956	8049
59943.084914	2260806656.072	   1.302	8049
59943.085030	2260806635.072	   0.913	8049
59943.085146	2260806614.672	   0.855	8049
59943.085262	2260806593.972	   0.747	8049
59943.085377	2260806568.472	   0.773	8049
59943.085493	2260806542.572	   0.751	8049
59943.085609	2260806519.872	   0.657	8049
59943.085725	2260806492.472	   0.595	8049
59943.085840	2260806463.372	   0.870	8049
59943.085956	2260806442.371	   0.638	8049
59943.086072	2260806420.071	   0.606	8049
59943.086188	2260806397.671	   0.657	8049
59943.086303	2260806368.871	   1.076	8049
59943.086419	2260806344.671	   0.911	8049
59943.086535	2260806318.371	   1.273	8049
59943.086650	2260806290.071	   1.133	8049
59943.086766	2260806257.171	   0.899	8049
59943.086882	2260806231.371	   0.914	8049
59943.086998	2260806199.671	   0.938	8049
59943.087113	2260806166.271	   1.028	8049
59943.087229	2260806134.070	   0.831	8049
59943.087345	2260806100.470	   0.866	8049
59943.087461	2260806070.570	   1.008	8049
59943.087576	2260806044.770	   0.794	8049
59943.087692	2260806011.070	   0.883	8049
59943.087808	2260805978.970	   0.964	8049
59943.087924	2260805945.970	   1.222	8049
59943.088039	2260805910.970	   1.075	8049
59943.088155	2260805880.170	   0.863	8049
59943.088271	2260805844.569	   1.044	8049
59943.088387	2260805803.569	   1.020	8049
59943.088502	2260805768.769	   0.871	8049
59943.088618	2260805727.369	   0.890	8049
59943.088734	2260805691.069	   0.787	8049
59943.088849	2260805649.469	   1.150	8049
59943.088965	2260805613.269	   1.055	8049
59943.089081	2260805579.569	   1.028	8049
59943.089197	2260805540.068	   1.054	8049
59943.089312	2260805501.468	   0.979	8049
59943.089428	2260805465.168	   1.102	8049
59943.089544	2260805423.968	   0.853	8049
59943.089660	2260805385.668	   1.007	8049
59943.089775	2260805340.268	   0.890	8049
59943.089891	2260805302.268	   0.889	8049
59943.090007	2260805256.168	   0.902	8049
59943.090123	2260805214.767	   0.933	8049
59943.090238	2260805165.767	   1.074	8049
59943.090354	2260805124.767	   0.757	8049
59943.090470	2260805076.867	   0.607	8049
59943.090586	2260805034.167	   0.651	8049
59943.090701	2260804993.767	   0.656	8049
59943.090817	2260804949.766	   0.526	8049
59943.090933	2260804908.966	   0.530	8049
59943.091049	2260804856.566	   0.516	8049
59943.091165	2260804811.566	   0.499	8049
59943.091280	2260804766.566	   0.516	8049
59943.091396	2260804720.666	   0.511	8049
59943.091512	2260804671.866	   0.508	8049
59943.091627	2260804622.765	   0.489	8049
59943.091743	2260804570.965	   0.550	8049
59943.091859	2260804523.565	   0.479	8049
59943.091975	2260804473.665	   0.424	8049
59943.092090	2260804420.965	   0.549	8049
59943.092206	2260804372.465	   0.442	8049
59943.092322	2260804323.564	   0.440	8049
59943.092438	2260804276.564	   0.406	8049
59943.092553	2260804228.164	   0.397	8049
59943.092669	2260804176.264	   0.430	8049
59943.092785	2260804124.164	   0.420	8049
59943.092900	2260804073.664	   0.378	8049
59943.093016	2260804020.263	   0.383	8049
59943.093132	2260803969.063	   0.370	8049
59943.093248	2260803912.863	   0.346	8049
59943.093363	2260803863.163	   0.470	8049
59943.093479	2260803803.163	   0.331	8049
59943.093595	2260803743.362	   0.307	8049
59943.093711	2260803690.762	   0.294	8049
59943.093826	2260803638.562	   0.306	8049
59943.093942	2260803576.962	   0.327	8049
59943.094058	2260803530.362	   0.310	8049
59943.094174	2260803471.762	   0.324	8049
59943.094289	2260803418.961	   0.301	8049
59943.094405	2260803364.461	   0.268	8049
59943.094521	2260803306.261	   0.293	8049
59943.094637	2260803252.061	   0.275	8049
59943.094752	2260803191.861	   0.452	8049
59943.094868	2260803135.860	   0.399	8049
59943.094984	2260803073.760	   0.338	8049
59943.095099	2260803021.060	   0.378	8049
59943.095215	2260802957.560	   0.354	8049
59943.095331	2260802903.260	   0.314	8049
59943.095447	2260802843.959	   0.324	8049
59943.095562	2260802783.159	   0.308	8049
59943.095678	2260802720.159	   0.295	8049
59943.095794	2260802659.059	   0.372	8049
59943.095910	2260802600.059	   0.311	8049
59943.096025	2260802540.758	   0.301	8049
59943.096141	2260802477.858	   0.466	8049
59943.096257	2260802419.758	   0.382	8049
59943.096373	2260802360.358	   0.401	8049
59943.096488	2260802304.258	   0.393	8049
59943.096604	2260802240.057	   0.364	8049
59943.096720	2260802181.457	   0.349	8049
59943.096836	2260802117.457	   0.332	8049
59943.096951	2260802055.957	   0.393	8049
59943.097067	2260801993.557	   0.368	8049
59943.097183	2260801934.556	   0.391	8049
59943.097299	2260801864.256	   0.312	8049
59943.097414	2260801803.456	   0.344	8049
59943.097530	2260801742.556	   0.424	8049
59943.097646	2260801681.356	   0.304	8049
59943.097762	2260801610.255	   0.359	8049
59943.097877	2260801546.955	   0.351	8049
59943.097993	2260801485.855	   0.353	8049
59943.098109	2260801416.455	   0.341	8049
59943.098225	2260801350.455	   0.330	8049
59943.098340	2260801293.554	   0.316	8049
59943.098456	2260801223.854	   0.315	8049
59943.098572	2260801165.354	   0.300	8049
59943.098687	2260801101.054	   0.281	8049
59943.098803	2260801038.653	   0.279	8049
59943.098919	2260800965.353	   0.309	8049
59943.099035	2260800907.753	   0.342	8049
59943.099150	2260800847.953	   0.354	8049
59943.099266	2260800778.253	   0.389	8049
59943.099382	2260800719.852	   0.371	8049
59943.099498	2260800650.452	   0.326	8049
59943.099613	2260800584.952	   0.381	8049
59943.099729	2260800518.552	   0.352	8049
59943.099845	2260800453.652	   0.313	8049
59943.099961	2260800390.751	   0.338	8049
59943.100076	2260800326.151	   0.320	8049
59943.100192	2260800254.551	   0.308	8049
59943.100308	2260800192.351	   0.312	8049
59943.100424	2260800116.950	   0.360	8049
59943.100539	2260800056.350	   0.356	8049
59943.100655	2260799993.250	   0.351	8049
59943.100771	2260799918.050	   0.342	8049
59943.100887	2260799856.650	   0.365	8049
59943.101002	2260799790.749	   0.400	8049
59943.101118	2260799723.649	   0.364	8049
59943.101234	2260799655.749	   0.364	8049
59943.101349	2260799591.349	   0.365	8049
59943.101465	2260799521.748	   0.388	8049
59943.101581	2260799455.348	   0.349	8049
59943.101697	2260799385.548	   0.342	8049
59943.101813	2260799318.348	   0.351	8049
59943.101928	2260799253.248	   0.338	8049
59943.102044	2260799190.247	   0.321	8049
59943.102160	2260799123.947	   0.336	8049
59943.102276	2260799053.747	   0.301	8049
59943.102391	2260798991.147	   0.324	8049
59943.102507	2260798919.946	   0.302	8049
59943.102623	2260798865.846	   0.305	8049
59943.102738	2260798794.246	   0.348	8049
59943.102854	2260798728.646	   0.335	8049
59943.102970	2260798660.546	   0.279	8049
59943.103086	2260798597.645	   0.301	8049
59943.103202	2260798535.945	   0.368	8049
59943.103317	2260798470.645	   0.341	8049
59943.103433	2260798404.345	   0.347	8049
59943.103549	2260798341.344	   0.346	8049
59943.103664	2260798273.844	   0.347	8049
59943.103780	2260798212.444	   0.356	8049
59943.103896	2260798145.744	   0.332	8049
59943.104012	2260798079.844	   0.328	8049
59943.104127	2260798015.043	   0.299	8049
59943.104243	2260797945.343	   0.302	8049
59943.104359	2260797884.943	   0.293	8049
59943.104475	2260797816.343	   0.296	8049
59943.104590	2260797756.743	   0.348	8049
59943.104706	2260797682.242	   0.334	8049
59943.104822	2260797624.842	   0.344	8049
59943.104938	2260797550.842	   0.329	8049
59943.105053	2260797491.242	   0.325	8049
59943.105169	2260797430.041	   0.375	8049
59943.105285	2260797362.641	   0.342	8049
59943.105400	2260797302.541	   0.324	8049
59943.105516	2260797238.341	   0.355	8049
59943.105632	2260797173.241	   0.373	8049
59943.105748	2260797108.140	   0.340	8049
59943.105864	2260797049.340	   0.319	8049
59943.105979	2260796990.340	   0.421	8049
59943.106095	2260796926.140	   0.357	8049
59943.106211	2260796866.640	   0.352	8049
59943.106326	2260796802.539	   0.384	8049
59943.106442	2260796743.039	   0.399	8049
59943.106558	2260796683.239	   0.365	8049
59943.106674	2260796620.139	   0.331	8049
59943.106789	2260796562.539	   0.357	8049
59943.106905	2260796500.238	   0.363	8049
59943.107021	2260796431.538	   0.326	8049
59943.107137	2260796375.838	   0.311	8049
59943.107252	2260796313.738	   0.297	8049
59943.107368	2260796251.838	   0.447	8049
59943.107484	2260796188.037	   0.433	8049
59943.107600	2260796136.537	   0.398	8049
59943.107715	2260796070.137	   0.367	8049
59943.107831	2260796013.637	   0.355	8049
59943.107947	2260795957.137	   0.358	8049
59943.108062	2260795890.636	   0.363	8049
59943.108178	2260795835.136	   0.361	8049
59943.108294	2260795782.636	   0.369	8049
59943.108410	2260795725.736	   0.372	8049
59943.108526	2260795671.336	   0.395	8049
59943.108641	2260795617.935	   0.387	8049
59943.108757	2260795563.535	   0.507	8049
59943.108873	2260795501.635	   0.392	8049
59943.108988	2260795443.935	   0.417	8049
59943.109104	2260795387.035	   0.449	8049
59943.109220	2260795330.934	   0.447	8049
59943.109336	2260795274.034	   0.491	8049
59943.109451	2260795218.134	   0.437	8049
59943.109567	2260795163.634	   0.413	8049
59943.109683	2260795107.534	   0.438	8049
59943.109799	2260795057.134	   0.447	8049
59943.109914	2260795004.133	   0.423	8049
59943.110030	2260794950.833	   0.427	8049
59943.110146	2260794901.133	   0.446	8049
59943.110262	2260794847.633	   0.538	8049
59943.110377	2260794799.133	   0.432	8049
59943.110493	2260794752.933	   0.438	8049
59943.110609	2260794700.432	   0.457	8049
59943.110724	2260794650.032	   0.427	8049
59943.110840	2260794598.332	   0.412	8049
59943.110956	2260794537.432	   0.404	8049
59943.111072	2260794492.332	   0.469	8049
59943.111187	2260794440.131	   0.444	8049
59943.111303	2260794392.931	   0.464	8049
59943.111419	2260794341.531	   0.459	8049
59943.111535	2260794294.031	   0.434	8049
59943.111650	2260794245.631	   0.566	8049
59943.111766	2260794203.431	   0.594	8049
59943.111882	2260794154.831	   0.548	8049
59943.111998	2260794115.330	   0.488	8049
59943.112113	2260794068.630	   0.609	8049
59943.112229	2260794023.930	   0.679	8049
59943.112345	2260793980.830	   0.465	8049
59943.112461	2260793929.430	   0.556	8049
59943.112576	2260793885.530	   0.504	8049
59943.112692	2260793841.629	   0.491	8049
59943.112808	2260793796.629	   0.442	8049
59943.112924	2260793747.029	   0.438	8049
59943.113039	2260793707.429	   0.731	8049
59943.113155	2260793667.229	   0.654	8049
59943.113271	2260793623.429	   0.758	8049
59943.113387	2260793586.229	   0.706	8049
59943.113502	2260793545.728	   0.630	8049
59943.113618	2260793507.028	   0.687	8049
59943.113734	2260793466.528	   0.618	8049
59943.113849	2260793434.028	   0.917	8049
59943.113965	2260793387.528	   0.582	8049
59943.114081	2260793351.628	   0.617	8049
59943.114197	2260793311.928	   0.657	8049
59943.114312	2260793273.828	   0.620	8049
59943.114428	2260793233.127	   0.649	8049
59943.114544	2260793197.227	   0.540	8049
59943.114660	2260793157.027	   0.552	8049
59943.114775	2260793127.727	   0.625	8049
59943.114891	2260793092.227	   0.632	8049
59943.115007	2260793059.227	   0.730	8049
59943.115123	2260793028.327	   0.642	8049
59943.115238	2260792996.027	   0.669	8049
59943.115354	2260792963.327	   0.693	8049
59943.115470	2260792929.926	   0.541	8049
59943.115586	2260792894.326	   0.601	8049
59943.115701	2260792861.426	   0.513	8049
59943.115817	2260792829.526	   0.687	8049
59943.115933	2260792797.626	   0.661	8049
59943.116049	2260792770.726	   0.746	8049
59943.116164	2260792738.426	   0.787	8049
59943.116280	2260792710.126	   0.699	8049
59943.116396	2260792684.326	   0.791	8049
59943.116512	2260792653.626	   0.803	8049
59943.116627	2260792632.525	   0.883	8049
59943.116743	2260792604.225	   0.860	8049
59943.116859	2260792583.925	   0.733	8049
59943.116975	2260792553.425	   0.752	8049
59943.117090	2260792529.325	   0.697	8049
59943.117206	2260792501.225	   1.074	8049
59943.117322	2260792475.325	   0.763	8049
59943.117437	2260792451.225	   0.822	8049
59943.117553	2260792426.525	   0.803	8049
59943.117669	2260792407.125	   0.882	8049
59943.117785	2260792382.525	   0.762	8049
59943.117900	2260792362.925	   1.429	8049
59943.118016	2260792344.424	   0.840	8049
59943.118132	2260792326.824	   1.103	8049
59943.118248	2260792309.224	   1.188	8049
59943.118363	2260792288.324	   1.082	8049
59943.118479	2260792268.624	   0.821	8049
59943.118595	2260792248.624	   1.399	8049
59943.118711	2260792229.424	   1.262	8049
59943.118826	2260792209.024	   1.298	8049
59943.118942	2260792194.224	   1.505	8049
59943.119058	2260792176.824	   1.596	8049
59943.119174	2260792162.124	   1.330	8049
59943.119289	2260792151.224	   1.997	8049
59943.119405	2260792136.324	   2.151	8049
59943.119521	2260792127.024	   2.347	8049
59943.119637	2260792116.324	   1.937	8049
59943.119752	2260792104.724	   1.620	8049
59943.119868	2260792089.524	   1.254	8049
59943.119984	2260792075.124	   2.277	8049
59943.120100	2260792061.724	   1.835	8049
59943.120215	2260792052.824	   1.656	8049
59943.120331	2260792042.123	   2.291	8049
59943.120447	2260792032.023	   4.079	8049
59943.120562	2260792023.523	   3.336	8049
59943.120678	2260792017.223	   3.455	8049
59943.120794	2260792011.523	   4.047	8049
59943.120910	2260792007.523	   4.033	8049
59943.121025	2260792004.223	   8.670	8049
59943.121141	2260791998.823	   2.718	8049
59943.121257	2260791990.423	   3.316	8049
59943.121373	2260791984.123	   3.902	8049
59943.121488	2260791979.223	   3.998	8049
59943.121604	2260791974.023	   7.731	8049
59943.121720	2260791970.723	   9.359	8049
59943.121836	2260791967.923	   8.043	8049
59943.121951	2260791967.023	  15.384	8049
59943.122067	2260791966.723	  23.511	8049
59943.122183	2260791967.623	  10.231	8049
59943.122299	2260791969.623	   8.075	8049
59943.122414	2260791972.823	   8.048	8049
59943.122530	2260791976.623	  12.775	8049
59943.122646	2260791975.723	  25.167	8049
59943.122762	2260791975.623	  40.830	8049
59943.122877	2260791976.223	  20.922	8049
59943.122993	2260791978.723	  13.597	8049
59943.123109	2260791981.623	   6.660	8049
59943.123225	2260791985.423	   5.651	8049
59943.123340	2260791991.823	   3.245	8049
59943.123456	2260791997.623	   2.320	8049
59943.123572	2260792006.023	   2.387	8049
59943.165123	2260805729.069	   0.005	8049
59943.165239	2260805723.669	   2.190	8049
59943.165354	2260805714.369	   1.817	8049
59943.165470	2260805702.269	   1.368	8049
59943.165586	2260805692.869	   1.446	8049
59943.165701	2260805679.269	   1.331	8049
59943.165817	2260805665.369	   1.337	8049
59943.165933	2260805650.369	   1.244	8049
59943.166049	2260805638.469	   1.720	8049
59943.166164	2260805627.469	   1.405	8049
59943.166280	2260805615.069	   1.770	8049
59943.166396	2260805602.469	   1.280	8049
59943.166512	2260805589.069	   1.202	8049
59943.166627	2260805573.669	   1.037	8049
59943.166743	2260805559.869	   0.840	8049
59943.166859	2260805542.568	   1.065	8049
59943.166975	2260805524.568	   0.910	8049
59943.167091	2260805505.668	   0.733	8049
59943.167206	2260805483.268	   0.797	8049
59943.167322	2260805462.668	   0.652	8049
59943.167438	2260805441.668	   0.912	8049
59943.167553	2260805423.668	   0.803	8049
59943.167669	2260805404.468	   1.032	8049
59943.167785	2260805389.068	   0.717	8049
59943.167900	2260805370.668	   0.729	8049
59943.168016	2260805347.468	   0.572	8049
59943.168132	2260805326.268	   0.588	8049
59943.168248	2260805300.468	   0.479	8049
59943.168363	2260805278.968	   0.477	8049
59943.168479	2260805254.168	   0.530	8049
59943.168595	2260805226.467	   0.451	8049
59943.168711	2260805200.167	   0.420	8049
59943.168827	2260805170.867	   0.405	8049
59943.168942	2260805143.167	   0.532	8049
59943.169058	2260805117.867	   0.498	8049
59943.169174	2260805096.467	   0.572	8049
59943.169289	2260805069.867	   0.460	8049
59943.169405	2260805041.367	   0.457	8049
59943.169521	2260805017.267	   0.429	8049
59943.169637	2260804988.567	   0.401	8049
59943.169752	2260804960.067	   0.380	8049
59943.169868	2260804928.066	   0.378	8049
59943.169984	2260804897.366	   0.339	8049
59943.170100	2260804862.366	   0.312	8049
59943.170215	2260804829.966	   0.320	8049
59943.170331	2260804797.566	   0.319	8049
59943.170447	2260804760.966	   0.349	8049
59943.170563	2260804732.866	   0.500	8049
59943.170678	2260804703.466	   0.464	8049
59943.170794	2260804668.066	   0.484	8049
59943.170910	2260804638.165	   0.491	8049
59943.171026	2260804604.565	   0.419	8049
59943.171141	2260804569.265	   0.406	8049
59943.171257	2260804532.965	   0.367	8049
59943.171373	2260804494.965	   0.352	8049
59943.171488	2260804457.465	   0.374	8049
59943.171604	2260804419.465	   0.338	8049
59943.171720	2260804379.165	   0.316	8049
59943.171836	2260804338.264	   0.314	8049
59943.171952	2260804295.564	   0.359	8049
59943.172067	2260804261.564	   0.431	8049
59943.172183	2260804223.864	   0.325	8049
59943.172299	2260804187.864	   0.444	8049
59943.172414	2260804144.964	   0.345	8049
59943.172530	2260804107.864	   0.303	8049
59943.172646	2260804067.164	   0.340	8049
59943.172762	2260804030.563	   0.281	8049
59943.172877	2260803982.063	   0.299	8049
59943.172993	2260803942.363	   0.251	8049
59943.173109	2260803900.263	   0.266	8049
59943.173225	2260803854.463	   0.249	8049
59943.173340	2260803807.363	   0.318	8049
59943.173456	2260803762.263	   0.396	8049
59943.173572	2260803711.562	   0.379	8049
59943.173688	2260803671.562	   0.393	8049
59943.173803	2260803629.062	   0.351	8049
59943.173919	2260803585.362	   0.344	8049
59943.174035	2260803539.462	   0.332	8049
59943.174151	2260803492.762	   0.301	8049
59943.174266	2260803446.161	   0.300	8049
59943.174382	2260803401.961	   0.278	8049
59943.174498	2260803350.561	   0.299	8049
59943.174613	2260803306.161	   0.266	8049
59943.174729	2260803261.161	   0.375	8049
59943.174845	2260803208.161	   0.284	8049
59943.174961	2260803160.061	   0.266	8049
59943.175076	2260803104.160	   0.294	8049
59943.175192	2260803052.060	   0.263	8049
59943.175308	2260803000.660	   0.269	8049
59943.175424	2260802953.360	   0.275	8049
59943.175539	2260802904.060	   0.249	8049
59943.175655	2260802852.860	   0.233	8049
59943.175771	2260802803.559	   0.221	8049
59943.175886	2260802754.659	   0.212	8049
59943.176002	2260802700.759	   0.201	8049
59943.176118	2260802648.959	   0.498	8049
59943.176234	2260802596.059	   0.355	8049
59943.176350	2260802544.558	   0.353	8049
59943.176465	2260802486.158	   0.315	8049
59943.176581	2260802433.558	   0.311	8049
59943.176697	2260802378.158	   0.316	8049
59943.176812	2260802322.258	   0.328	8049
59943.176928	2260802268.758	   0.304	8049
59943.177044	2260802211.157	   0.335	8049
59943.177160	2260802153.757	   0.312	8049
59943.177275	2260802095.657	   0.313	8049
59943.177391	2260802047.257	   0.277	8049
59943.177507	2260801989.757	   0.433	8049
59943.177623	2260801931.956	   0.318	8049
59943.177738	2260801879.456	   0.344	8049
59943.177854	2260801823.456	   0.352	8049
59943.177970	2260801770.256	   0.319	8049
59943.178086	2260801707.856	   0.328	8049
59943.178201	2260801647.755	   0.306	8049
59943.178317	2260801593.655	   0.307	8049
59943.178433	2260801531.155	   0.302	8049
59943.178549	2260801476.955	   0.305	8049
59943.178664	2260801413.555	   0.296	8049
59943.178780	2260801353.055	   0.285	8049
59943.178896	2260801290.054	   0.382	8049
59943.179012	2260801233.154	   0.284	8049
59943.179127	2260801168.754	   0.253	8049
59943.179243	2260801107.454	   0.244	8049
59943.179359	2260801050.554	   0.283	8049
59943.179475	2260800993.753	   0.257	8049
59943.179591	2260800933.953	   0.241	8049
59943.179706	2260800873.753	   0.291	8049
59943.179822	2260800814.253	   0.265	8049
59943.179938	2260800750.353	   0.236	8049
59943.180053	2260800694.552	   0.232	8049
59943.180169	2260800630.052	   0.231	8049
59943.180285	2260800563.952	   0.325	8049
59943.180401	2260800505.552	   0.335	8049
59943.180516	2260800444.151	   0.381	8049
59943.180632	2260800380.351	   0.331	8049
59943.180748	2260800324.351	   0.329	8049
59943.180863	2260800258.751	   0.321	8049
59943.180979	2260800199.251	   0.357	8049
59943.181095	2260800128.050	   0.344	8049
59943.181211	2260800069.350	   0.391	8049
59943.181326	2260800002.450	   0.340	8049
59943.181442	2260799937.750	   0.330	8049
59943.181558	2260799880.450	   0.346	8049
59943.181674	2260799805.349	   0.299	8049
59943.181789	2260799747.349	   0.319	8049
59943.181905	2260799679.349	   0.316	8049
59943.182021	2260799614.549	   0.314	8049
59943.182137	2260799557.949	   0.318	8049
59943.182252	2260799490.348	   0.358	8049
59943.182368	2260799434.748	   0.311	8049
59943.182484	2260799362.248	   0.299	8049
59943.182600	2260799302.148	   0.322	8049
59943.182715	2260799237.247	   0.289	8049
59943.182831	2260799173.447	   0.291	8049
59943.182947	2260799109.747	   0.288	8049
59943.183062	2260799042.947	   0.282	8049
59943.183178	2260798977.447	   0.334	8049
59943.183294	2260798915.146	   0.287	8049
59943.183410	2260798849.246	   0.314	8049
59943.183526	2260798785.346	   0.290	8049
59943.183642	2260798718.346	   0.308	8049
59943.183757	2260798656.446	   0.306	8049
59943.183873	2260798590.245	   0.321	8049
59943.183989	2260798528.145	   0.292	8049
59943.184104	2260798459.645	   0.271	8049
59943.184220	2260798390.945	   0.295	8049
59943.184336	2260798336.344	   0.271	8049
59943.184451	2260798267.144	   0.281	8049
59943.184567	2260798198.944	   0.283	8049
59943.184683	2260798137.144	   0.300	8049
59943.184799	2260798073.644	   0.260	8049
59943.184914	2260798004.343	   0.262	8049
59943.185031	2260797936.443	   0.262	8049
59943.185146	2260797874.043	   0.250	8049
59943.185261	2260797814.143	   0.256	8049
59943.185377	2260797751.543	   0.268	8049
59943.185493	2260797683.742	   0.259	8049
59943.185609	2260797621.642	   0.253	8049
59943.185724	2260797552.542	   0.263	8049
59943.185840	2260797491.142	   0.259	8049
59943.185956	2260797425.841	   0.336	8049
59943.186072	2260797364.341	   0.362	8049
59943.186187	2260797299.941	   0.323	8049
59943.186303	2260797232.141	   0.313	8049
59943.186419	2260797179.441	   0.288	8049
59943.186535	2260797107.240	   0.294	8049
59943.186650	2260797048.740	   0.299	8049
59943.186766	2260796984.640	   0.372	8049
59943.186882	2260796920.340	   0.317	8049
59943.186998	2260796860.140	   0.322	8049
59943.187113	2260796797.639	   0.302	8049
59943.187229	2260796732.639	   0.311	8049
59943.187345	2260796676.739	   0.380	8049
59943.187461	2260796608.039	   0.433	8049
59943.187576	2260796545.938	   0.329	8049
59943.187692	2260796481.938	   0.342	8049
59943.187808	2260796416.738	   0.416	8049
59943.187924	2260796353.238	   0.375	8049
59943.188039	2260796286.438	   0.369	8049
59943.188155	2260796226.437	   0.387	8049
59943.188271	2260796167.937	   0.414	8049
59943.188387	2260796101.637	   0.391	8049
59943.188502	2260796041.437	   0.393	8049
59943.188618	2260795980.637	   0.457	8049
59943.188734	2260795919.736	   0.397	8049
59943.188850	2260795856.036	   0.418	8049
59943.188965	2260795799.236	   0.452	8049
59943.189081	2260795738.236	   0.395	8049
59943.189197	2260795680.836	   0.402	8049
59943.189313	2260795623.135	   0.370	8049
59943.189429	2260795564.535	   0.445	8049
59943.189544	2260795505.335	   0.382	8049
59943.189660	2260795447.735	   0.402	8049
59943.189776	2260795388.935	   0.393	8049
59943.189891	2260795334.634	   0.329	8049
59943.190007	2260795271.934	   0.380	8049
59943.190123	2260795215.434	   0.451	8049
59943.190239	2260795151.034	   0.438	8049
59943.190354	2260795095.634	   0.439	8049
59943.190470	2260795036.233	   0.509	8049
59943.190586	2260794978.333	   0.422	8049
59943.190701	2260794916.833	   0.433	8049
59943.190817	2260794859.533	   0.469	8049
59943.190933	2260794804.233	   0.441	8049
59943.191049	2260794748.732	   0.422	8049
59943.191164	2260794698.232	   0.438	8049
59943.191280	2260794639.932	   0.447	8049
59943.191396	2260794583.232	   0.429	8049
59943.191512	2260794527.632	   0.385	8049
59943.191627	2260794481.032	   0.389	8049
59943.191743	2260794429.731	   0.367	8049
59943.191859	2260794375.831	   0.355	8049
59943.191974	2260794316.231	   0.343	8049
59943.192090	2260794261.831	   0.322	8049
59943.192206	2260794210.131	   0.355	8049
59943.192322	2260794155.231	   0.357	8049
59943.192437	2260794099.030	   0.362	8049
59943.192553	2260794047.630	   0.373	8049
59943.192669	2260793992.930	   0.338	8049
59943.192785	2260793942.230	   0.353	8049
59943.192901	2260793892.930	   0.358	8049
59943.193016	2260793846.129	   0.505	8049
59943.193132	2260793795.429	   0.531	8049
59943.193248	2260793743.729	   0.485	8049
59943.193363	2260793696.129	   0.525	8049
59943.193479	2260793654.429	   0.540	8049
59943.193595	2260793607.929	   0.482	8049
59943.193711	2260793555.629	   0.500	8049
59943.193826	2260793504.328	   0.442	8049
59943.193942	2260793454.728	   0.463	8049
59943.194058	2260793409.228	   0.487	8049
59943.194174	2260793358.228	   0.459	8049
59943.194289	2260793314.028	   0.476	8049
59943.194405	2260793263.228	   0.473	8049
59943.194521	2260793216.227	   0.455	8049
59943.194637	2260793172.727	   0.453	8049
59943.194752	2260793129.927	   0.532	8049
59943.194868	2260793089.927	   0.447	8049
59943.194984	2260793043.727	   0.571	8049
59943.195100	2260793001.127	   0.498	8049
59943.195215	2260792962.827	   0.488	8049
59943.195331	2260792919.726	   0.432	8049
59943.195447	2260792876.526	   0.418	8049
59943.195562	2260792831.926	   0.392	8049
59943.195678	2260792787.926	   0.450	8049
59943.195794	2260792744.926	   0.544	8049
59943.195910	2260792704.726	   0.607	8049
59943.196025	2260792663.426	   0.588	8049
59943.196141	2260792623.925	   0.733	8049
59943.196257	2260792587.525	   0.579	8049
59943.196373	2260792548.425	   0.575	8049
59943.196488	2260792511.525	   0.640	8049
59943.196604	2260792474.225	   0.653	8049
59943.196720	2260792436.025	   0.590	8049
59943.196836	2260792406.525	   0.635	8049
59943.196951	2260792371.625	   0.489	8049
59943.197067	2260792332.124	   0.527	8049
59943.197183	2260792293.824	   0.504	8049
59943.197299	2260792257.424	   0.551	8049
59943.197414	2260792219.424	   0.603	8049
59943.197530	2260792188.224	   0.580	8049
59943.197646	2260792152.224	   0.631	8049
59943.197762	2260792117.624	   0.565	8049
59943.197877	2260792086.124	   0.609	8049
59943.197993	2260792056.524	   0.553	8049
59943.198109	2260792025.623	   0.563	8049
59943.198224	2260791998.523	   0.671	8049
59943.198340	2260791967.723	   0.777	8049
59943.198456	2260791939.023	   0.478	8049
59943.198572	2260791909.123	   0.817	8049
59943.198688	2260791878.323	   0.668	8049
59943.198803	2260791847.123	   0.722	8049
59943.198919	2260791817.523	   0.733	8049
59943.199035	2260791788.723	   0.783	8049
59943.199150	2260791757.223	   0.749	8049
59943.199266	2260791733.922	   0.759	8049
59943.199382	2260791709.522	   0.813	8049
59943.199498	2260791685.822	   0.907	8049
59943.199613	2260791661.222	   0.884	8049
59943.199729	2260791639.322	   1.132	8049
59943.199845	2260791616.822	   1.097	8049
59943.199961	2260791592.622	   0.761	8049
59943.200076	2260791571.522	   0.892	8049
59943.200192	2260791548.222	   0.787	8049
59943.200308	2260791522.322	   0.954	8049
59943.200424	2260791500.222	   0.944	8049
59943.200540	2260791476.922	   1.004	8049
59943.200655	2260791458.422	   1.246	8049
59943.200771	2260791438.321	   1.203	8049
59943.200887	2260791422.021	   1.425	8049
59943.201002	2260791402.821	   1.317	8049
59943.201118	2260791387.621	   1.157	8049
59943.201234	2260791371.921	   1.160	8049
59943.201350	2260791357.221	   1.341	8049
59943.201465	2260791339.321	   1.119	8049
59943.201581	2260791320.521	   1.392	8049
59943.201697	2260791303.021	   1.604	8049
59943.201813	2260791287.121	   1.522	8049
59943.201928	2260791272.721	   1.598	8049
59943.202044	2260791259.121	   1.702	8049
59943.202160	2260791245.521	   2.277	8049
59943.202275	2260791234.721	   2.728	8049
59943.202391	2260791223.321	   2.911	8049
59943.202507	2260791214.821	   2.947	8049
59943.202623	2260791204.921	   1.936	8049
59943.202738	2260791198.521	   4.277	8049
59943.202854	2260791187.721	   1.618	8049
59943.202970	2260791175.521	   1.490	8049
59943.203086	2260791164.221	   1.400	8049
59943.203201	2260791155.121	   1.970	8049
59943.203317	2260791146.520	   2.150	8049
59943.203433	2260791140.220	   2.549	8049
59943.203549	2260791132.220	   2.873	8049
59943.203664	2260791127.720	   3.999	8049
59943.203780	2260791124.020	   5.286	8049
59943.203896	2260791120.820	   5.591	8049
59943.204012	2260791118.920	   8.977	8049
59943.204127	2260791118.420	  40.984	8049
59943.204243	2260791115.120	   4.919	8049
59943.204359	2260791110.020	   5.225	8049
59943.204475	2260791105.720	   7.547	8049
59943.204590	2260791103.120	   8.876	8049
59943.204706	2260791100.820	  18.334	8049
59943.204822	2260791099.920	  35.333	8049
59943.204937	2260791100.220	  24.026	8049
59943.205053	2260791101.520	   9.708	8049
59943.205169	2260791103.820	   8.547	8049
59943.205285	2260791108.220	   8.136	8049
59943.205400	2260791112.520	   6.591	8049
59943.205516	2260791118.620	   4.534	8049
59943.205632	2260791124.420	  17.893	8049
59943.205748	2260791125.620	  12.042	8049
59943.205863	2260791127.520	  12.547	8049
59943.205979	2260791130.520	   6.055	8049
59943.206095	2260791135.720	   5.849	8049
59943.206211	2260791139.520	   1.017	8049
