59942.003952	2260809553.082	   0.182	8049
59942.004067	2260809574.882	   0.234	8049
59942.004183	2260809591.182	   0.171	8049
59942.004299	2260809609.082	   0.403	8049
59942.004414	2260809619.482	   0.005	8049
59942.004530	2260809607.782	   0.294	8049
59942.004646	2260809618.382	   0.337	8049
59942.004762	2260809632.682	   0.282	8049
59942.004877	2260809649.782	   0.339	8049
59942.004993	2260809665.182	   0.338	8049
59942.005109	2260809679.982	   0.414	8049
59942.005224	2260809692.982	   0.647	8049
59942.005340	2260809704.882	   0.727	8049
59942.005456	2260809715.082	   1.135	8049
59942.005572	2260809723.382	   1.354	8049
59942.005688	2260809730.882	   2.071	8049
59942.005803	2260809737.582	   2.247	8049
59942.005919	2260809741.582	   3.871	8049
59942.006035	2260809749.883	   2.075	8049
59942.006150	2260809758.483	   4.281	8049
59942.006266	2260809766.283	   2.783	8049
59942.006382	2260809773.483	   4.477	8049
59942.006498	2260809778.683	   5.766	8049
59942.006613	2260809781.883	   9.785	8049
59942.006729	2260809784.283	  18.748	8049
59942.006845	2260809785.383	  29.752	8049
59942.006961	2260809784.983	  28.127	8049
59942.007077	2260809782.983	  12.217	8049
59942.007192	2260809778.383	   6.051	8049
59942.007308	2260809780.583	   8.721	8049
59942.007424	2260809781.983	  22.611	8049
59942.007539	2260809781.883	  21.701	8049
59942.007655	2260809780.083	   6.471	8049
59942.007771	2260809777.183	   4.531	8049
59942.007887	2260809772.783	   2.806	8049
59942.008002	2260809766.883	   3.352	8049
59942.008118	2260809760.983	   2.435	8049
59942.008234	2260809751.183	   1.721	8049
59942.008350	2260809741.882	   1.815	8049
59942.008465	2260809729.582	   2.626	8049
59942.008581	2260809724.182	   3.405	8049
59942.008697	2260809717.982	   2.324	8049
59942.008813	2260809710.682	   2.330	8049
59942.008928	2260809701.382	   1.983	8049
59942.009044	2260809689.782	   1.737	8049
59942.009160	2260809675.982	   2.255	8049
59942.009275	2260809665.182	   1.727	8049
59942.009391	2260809648.982	   1.779	8049
59942.009507	2260809631.182	   1.672	8049
59942.009623	2260809612.982	   1.418	8049
59942.009738	2260809594.382	   2.472	8049
59942.009854	2260809582.182	   1.976	8049
59942.009970	2260809568.482	   1.592	8049
59942.010086	2260809553.182	   1.300	8049
59942.010201	2260809534.582	   1.404	8049
59942.010317	2260809514.582	   1.205	8049
59942.010433	2260809494.382	   1.367	8049
59942.010549	2260809472.182	   1.237	8049
59942.010664	2260809450.181	   1.225	8049
59942.010780	2260809427.081	   1.229	8049
59942.010896	2260809399.681	   0.994	8049
59942.011012	2260809371.781	   1.301	8049
59942.011127	2260809355.981	   1.041	8049
59942.011243	2260809331.581	   1.306	8049
59942.011359	2260809306.881	   1.070	8049
59942.011474	2260809284.281	   0.941	8049
59942.011590	2260809256.981	   0.937	8049
59942.011706	2260809228.081	   0.341	8049
59942.011822	2260809196.381	   0.310	8049
59942.011938	2260809169.181	   0.342	8049
59942.012053	2260809133.680	   0.317	8049
59942.012169	2260809101.080	   0.289	8049
59942.012285	2260809067.780	   0.339	8049
59942.012400	2260809037.380	   0.373	8049
59942.012516	2260809010.180	   0.444	8049
59942.012632	2260808976.480	   0.366	8049
59942.012748	2260808943.680	   0.361	8049
59942.012863	2260808910.280	   0.367	8049
59942.012979	2260808872.780	   0.332	8049
59942.013095	2260808840.579	   0.774	8049
59942.013211	2260808801.379	   0.687	8049
59942.013326	2260808761.379	   0.869	8049
59942.013442	2260808723.079	   0.665	8049
59942.013558	2260808676.179	   0.824	8049
59942.013674	2260808642.979	   0.649	8049
59942.013789	2260808607.679	   0.723	8049
59942.013905	2260808564.379	   0.660	8049
59942.014021	2260808525.278	   0.620	8049
59942.014137	2260808483.078	   0.656	8049
59942.014252	2260808444.178	   0.750	8049
59942.014368	2260808400.178	   0.671	8049
59942.014484	2260808351.178	   0.247	8049
59942.014600	2260808307.578	   0.258	8049
59942.014715	2260808262.378	   0.261	8049
59942.014831	2260808207.977	   0.239	8049
59942.014947	2260808162.177	   0.298	8049
59942.015063	2260808123.777	   0.277	8049
59942.015178	2260808079.677	   0.263	8049
59942.015294	2260808026.977	   0.271	8049
59942.015410	2260807981.977	   0.277	8049
59942.015526	2260807932.476	   0.270	8049
59942.015641	2260807881.276	   0.278	8049
59942.015757	2260807830.676	   0.311	8049
59942.015873	2260807784.076	   0.486	8049
59942.015988	2260807723.776	   0.528	8049
59942.016104	2260807671.276	   0.481	8049
59942.016220	2260807614.175	   0.460	8049
59942.016336	2260807564.175	   0.508	8049
59942.016451	2260807511.375	   0.494	8049
59942.016567	2260807455.775	   0.485	8049
59942.016683	2260807400.375	   0.496	8049
59942.016799	2260807346.674	   0.487	8049
59942.016914	2260807293.174	   0.512	8049
59942.017030	2260807235.374	   0.451	8049
59942.017146	2260807174.174	   0.447	8049
59942.017262	2260807120.574	   0.248	8049
59942.017377	2260807054.674	   0.235	8049
59942.017493	2260806991.573	   0.235	8049
59942.017609	2260806929.673	   0.254	8049
59942.017724	2260806869.573	   0.281	8049
59942.017840	2260806816.273	   0.266	8049
59942.017956	2260806759.173	   0.257	8049
59942.018072	2260806697.172	   0.307	8049
59942.018188	2260806631.172	   0.275	8049
59942.018304	2260806574.372	   0.265	8049
59942.018419	2260806512.372	   0.261	8049
59942.018535	2260806444.271	   0.270	8049
59942.018651	2260806380.971	   0.289	8049
59942.018766	2260806313.971	   0.277	8049
59942.018882	2260806245.971	   0.308	8049
59942.018998	2260806173.871	   0.276	8049
59942.019113	2260806107.170	   0.257	8049
59942.019229	2260806042.470	   0.311	8049
59942.019345	2260805979.970	   0.306	8049
59942.019461	2260805909.070	   0.297	8049
59942.019576	2260805843.569	   0.299	8049
59942.019692	2260805777.269	   0.293	8049
59942.019808	2260805709.869	   0.295	8049
59942.019924	2260805637.869	   0.291	8049
59942.020039	2260805570.769	   0.305	8049
59942.020155	2260805500.768	   0.287	8049
59942.020271	2260805423.568	   0.320	8049
59942.020387	2260805351.868	   0.285	8049
59942.020502	2260805281.768	   0.293	8049
59942.020618	2260805205.367	   0.278	8049
59942.020734	2260805129.967	   0.320	8049
59942.020850	2260805060.167	   0.345	8049
59942.020965	2260804985.967	   0.312	8049
59942.021081	2260804915.266	   0.293	8049
59942.021197	2260804842.366	   0.305	8049
59942.021312	2260804766.766	   0.348	8049
59942.021428	2260804695.466	   0.312	8049
59942.021544	2260804625.565	   0.098	8049
59942.021660	2260804545.565	   0.106	8049
59942.021775	2260804465.865	   0.120	8049
59942.021891	2260804388.265	   0.103	8049
59942.022007	2260804312.964	   0.112	8049
59942.022123	2260804234.364	   0.116	8049
59942.022238	2260804161.064	   0.124	8049
59942.022354	2260804079.564	   0.130	8049
59942.022470	2260803996.963	   0.115	8049
59942.022586	2260803921.163	   0.123	8049
59942.022701	2260803844.563	   0.151	8049
59942.022817	2260803764.263	   0.128	8049
59942.022933	2260803682.262	   0.308	8049
59942.023049	2260803605.362	   0.280	8049
59942.023164	2260803526.762	   0.285	8049
59942.023280	2260803447.761	   0.294	8049
59942.023396	2260803365.861	   0.286	8049
59942.023512	2260803288.361	   0.331	8049
59942.023627	2260803211.261	   0.334	8049
59942.023743	2260803126.560	   0.317	8049
59942.023859	2260803047.960	   0.308	8049
59942.023975	2260802956.760	   0.289	8049
59942.024090	2260802874.860	   0.299	8049
59942.024206	2260802789.459	   0.306	8049
59942.024322	2260802710.659	   0.080	8049
59942.024438	2260802621.059	   0.183	8049
59942.024553	2260802542.858	   0.203	8049
59942.024669	2260802457.358	   0.245	8049
59942.024785	2260802379.058	   0.206	8049
59942.024900	2260802300.358	   0.223	8049
59942.025016	2260802213.557	   0.221	8049
59942.025132	2260802128.957	   0.213	8049
59942.025248	2260802040.257	   0.211	8049
59942.025363	2260801963.157	   0.214	8049
59942.025479	2260801879.656	   0.225	8049
59942.025595	2260801792.256	   0.212	8049
59942.025711	2260801708.656	   0.225	8049
59942.025826	2260801629.155	   0.248	8049
59942.025942	2260801538.855	   0.227	8049
59942.026058	2260801454.255	   0.236	8049
59942.026174	2260801368.755	   0.256	8049
59942.026289	2260801286.354	   0.254	8049
59942.026405	2260801200.354	   0.264	8049
59942.026521	2260801114.754	   0.269	8049
59942.026637	2260801025.253	   0.248	8049
59942.026752	2260800939.353	   0.258	8049
59942.026868	2260800854.053	   0.264	8049
59942.026984	2260800767.753	   0.246	8049
59942.027100	2260800679.752	   0.109	8049
59942.027216	2260800594.052	   0.103	8049
59942.027331	2260800499.852	   0.114	8049
59942.027447	2260800415.851	   0.106	8049
59942.027562	2260800331.851	   0.108	8049
59942.027678	2260800240.951	   0.108	8049
59942.027794	2260800159.051	   0.116	8049
59942.027910	2260800070.750	   0.119	8049
59942.028025	2260799986.750	   0.124	8049
59942.028141	2260799905.750	   0.123	8049
59942.028257	2260799808.649	   0.132	8049
59942.028373	2260799730.649	   0.127	8049
59942.028488	2260799642.949	   0.141	8049
59942.028604	2260799552.949	   0.139	8049
59942.028720	2260799470.748	   0.145	8049
59942.028836	2260799382.348	   0.152	8049
59942.028951	2260799296.848	   0.153	8049
59942.029067	2260799211.247	   0.152	8049
59942.029183	2260799121.747	   0.159	8049
59942.029299	2260799039.947	   0.181	8049
59942.029414	2260798953.947	   0.159	8049
59942.029530	2260798866.946	   0.158	8049
59942.029646	2260798782.246	   0.162	8049
59942.029762	2260798702.346	   0.173	8049
59942.029877	2260798615.345	   0.179	8049
59942.029993	2260798529.645	   0.177	8049
59942.030109	2260798450.345	   0.169	8049
59942.030224	2260798357.345	   0.177	8049
59942.030340	2260798275.244	   0.180	8049
59942.030456	2260798187.444	   0.179	8049
59942.030572	2260798111.144	   0.169	8049
59942.030688	2260798021.143	   0.186	8049
59942.030803	2260797934.943	   0.193	8049
59942.030919	2260797851.443	   0.211	8049
59942.031035	2260797761.943	   0.214	8049
59942.031150	2260797674.042	   0.241	8049
59942.031266	2260797581.442	   0.199	8049
59942.031382	2260797508.842	   0.251	8049
59942.031498	2260797425.041	   0.256	8049
59942.031614	2260797344.241	   0.287	8049
59942.031729	2260797255.741	   0.285	8049
59942.031845	2260797180.541	   0.261	8049
59942.031961	2260797093.140	   0.298	8049
59942.032076	2260797009.940	   0.281	8049
59942.032192	2260796930.040	   0.296	8049
59942.032308	2260796851.240	   0.292	8049
59942.032424	2260796771.039	   0.282	8049
59942.032539	2260796688.239	   0.328	8049
59942.032655	2260796613.539	   0.272	8049
59942.032771	2260796527.838	   0.131	8049
59942.032886	2260796447.038	   0.138	8049
59942.033002	2260796364.338	   0.140	8049
59942.033118	2260796286.638	   0.135	8049
59942.033234	2260796208.237	   0.144	8049
59942.033350	2260796126.837	   0.144	8049
59942.033465	2260796041.437	   0.146	8049
59942.033581	2260795963.637	   0.150	8049
59942.033697	2260795888.536	   0.163	8049
59942.033813	2260795806.236	   0.182	8049
59942.033928	2260795724.436	   0.159	8049
59942.034044	2260795649.735	   0.186	8049
59942.034160	2260795570.635	   0.185	8049
59942.034276	2260795493.635	   0.190	8049
59942.034391	2260795418.135	   0.201	8049
59942.034507	2260795354.335	   0.211	8049
59942.034623	2260795275.834	   0.227	8049
59942.034738	2260795201.734	   0.197	8049
59942.034854	2260795122.434	   0.224	8049
59942.034970	2260795044.033	   0.206	8049
59942.035086	2260794974.733	   0.209	8049
59942.035201	2260794895.433	   0.240	8049
59942.035317	2260794825.233	   0.235	8049
59942.035433	2260794746.532	   0.283	8049
59942.035549	2260794673.932	   0.293	8049
59942.035664	2260794598.132	   0.323	8049
59942.035780	2260794533.632	   0.278	8049
59942.035896	2260794460.032	   0.296	8049
59942.036012	2260794388.631	   0.307	8049
59942.036127	2260794323.531	   0.349	8049
59942.036243	2260794253.831	   0.302	8049
59942.036359	2260794188.931	   0.305	8049
59942.036475	2260794116.830	   0.291	8049
59942.036590	2260794047.030	   0.315	8049
59942.036706	2260793973.530	   0.359	8049
59942.036822	2260793905.730	   0.354	8049
59942.036938	2260793841.929	   0.389	8049
59942.037053	2260793771.229	   0.398	8049
59942.037169	2260793702.829	   0.422	8049
59942.037285	2260793632.329	   0.371	8049
59942.037400	2260793575.429	   0.395	8049
59942.037516	2260793513.528	   0.405	8049
59942.037632	2260793449.028	   0.401	8049
59942.037748	2260793387.028	   0.438	8049
59942.037863	2260793329.128	   0.396	8049
59942.037979	2260793260.528	   0.390	8049
59942.038095	2260793198.427	   0.412	8049
59942.038211	2260793132.827	   0.411	8049
59942.038326	2260793076.827	   0.198	8049
59942.038442	2260793011.527	   0.195	8049
59942.038558	2260792948.826	   0.211	8049
59942.038674	2260792888.726	   0.208	8049
59942.038789	2260792829.826	   0.217	8049
59942.038905	2260792772.526	   0.274	8049
59942.039021	2260792716.026	   0.256	8049
59942.039137	2260792665.926	   0.261	8049
59942.039252	2260792612.125	   0.266	8049
59942.039368	2260792558.225	   0.253	8049
59942.039484	2260792498.325	   0.261	8049
59942.039600	2260792438.025	   0.291	8049
59942.039715	2260792383.625	   0.441	8049
59942.039831	2260792325.224	   0.486	8049
59942.039947	2260792277.224	   0.534	8049
59942.040063	2260792222.324	   0.463	8049
59942.040178	2260792173.224	   0.518	8049
59942.040294	2260792119.924	   0.520	8049
59942.040410	2260792071.524	   0.618	8049
59942.040525	2260792024.823	   0.560	8049
59942.040641	2260791983.023	   0.588	8049
59942.040757	2260791933.923	   0.502	8049
59942.040873	2260791884.323	   0.514	8049
59942.040989	2260791828.523	   0.568	8049
59942.041104	2260791778.123	   0.264	8049
59942.041220	2260791729.422	   0.264	8049
59942.041336	2260791686.222	   0.330	8049
59942.041451	2260791643.222	   0.320	8049
59942.041567	2260791599.422	   0.337	8049
59942.041683	2260791558.122	   0.350	8049
59942.041799	2260791521.122	   0.381	8049
59942.041914	2260791482.322	   0.467	8049
59942.042030	2260791437.321	   0.373	8049
59942.042146	2260791394.621	   0.387	8049
59942.042262	2260791355.321	   0.430	8049
59942.042377	2260791312.121	   0.435	8049
59942.042493	2260791279.221	   0.239	8049
59942.042609	2260791232.921	   0.037	8049
59942.042724	2260791199.521	   0.037	8049
59942.042840	2260791163.121	   0.043	8049
59942.042956	2260791126.620	   0.050	8049
59942.043072	2260791095.020	   0.057	8049
59942.043188	2260791062.120	   0.058	8049
59942.043303	2260791027.520	   0.052	8049
59942.043419	2260790994.120	   0.071	8049
59942.043535	2260790959.020	   0.073	8049
59942.043650	2260790926.220	   0.074	8049
59942.043766	2260790895.120	   0.072	8049
59942.043882	2260790859.520	   0.492	8049
59942.043998	2260790835.419	   1.082	8049
59942.044113	2260790808.219	   1.352	8049
59942.044229	2260790781.419	   1.110	8049
59942.044345	2260790756.619	   1.106	8049
59942.044461	2260790734.319	   1.397	8049
59942.044576	2260790704.919	   0.900	8049
59942.044692	2260790679.419	   0.890	8049
59942.086359	2260808274.278	   0.067	8049
59942.086475	2260808296.378	   0.090	8049
59942.086590	2260808316.578	   0.093	8049
59942.086706	2260808335.878	   0.172	8049
59942.086822	2260808353.678	   0.167	8049
59942.086937	2260808369.878	   0.279	8049
59942.087053	2260808383.978	   0.270	8049
59942.087169	2260808398.678	   0.341	8049
59942.087285	2260808410.378	   0.424	8049
59942.087401	2260808423.878	   0.346	8049
59942.087516	2260808440.678	   0.491	8049
59942.087632	2260808457.178	   0.571	8049
59942.087748	2260808469.678	   0.704	8049
59942.087863	2260808484.178	   0.749	8049
59942.087979	2260808494.178	   1.352	8049
59942.088095	2260808504.078	   1.804	8049
59942.088211	2260808512.478	   1.681	8049
59942.088326	2260808519.478	   2.439	8049
59942.088442	2260808525.178	   2.960	8049
59942.088558	2260808529.578	   4.603	8049
59942.088674	2260808537.278	   1.391	8049
59942.088789	2260808545.178	   1.408	8049
59942.088905	2260808553.679	   2.021	8049
59942.089021	2260808560.079	   2.063	8049
59942.089137	2260808565.379	   2.976	8049
59942.089252	2260808569.179	   3.838	8049
59942.089368	2260808570.779	   6.422	8049
59942.089484	2260808571.679	  20.711	8049
59942.089599	2260808570.979	   7.216	8049
59942.089715	2260808568.879	   5.221	8049
59942.089831	2260808565.079	   3.547	8049
59942.089947	2260808565.379	   6.454	8049
59942.090063	2260808566.679	  18.268	8049
59942.090178	2260808566.779	  11.797	8049
59942.090294	2260808564.979	  12.390	8049
59942.090410	2260808562.179	   6.957	8049
59942.090525	2260808557.079	   3.047	8049
59942.090641	2260808552.079	   2.855	8049
59942.090757	2260808544.178	   2.267	8049
59942.090873	2260808536.778	   1.938	8049
59942.090988	2260808525.578	   1.279	8049
59942.091104	2260808515.078	   1.536	8049
59942.091220	2260808507.678	   4.509	8049
59942.091336	2260808501.878	   3.226	8049
59942.091451	2260808494.678	   1.939	8049
59942.091567	2260808484.478	   2.114	8049
59942.091683	2260808472.478	   1.475	8049
59942.091799	2260808461.778	   1.536	8049
59942.091914	2260808448.778	   1.292	8049
59942.092030	2260808431.878	   1.563	8049
59942.092146	2260808416.178	   1.348	8049
59942.092262	2260808400.178	   1.201	8049
59942.092377	2260808378.478	   1.583	8049
59942.092493	2260808364.678	   1.899	8049
59942.092609	2260808350.278	   1.904	8049
59942.092725	2260808334.878	   1.337	8049
59942.092840	2260808316.878	   1.373	8049
59942.092956	2260808298.578	   0.956	8049
59942.093072	2260808277.778	   1.175	8049
59942.093187	2260808257.478	   1.119	8049
59942.093303	2260808235.277	   0.935	8049
59942.093419	2260808210.677	   1.043	8049
59942.093535	2260808185.477	   1.073	8049
59942.093650	2260808158.177	   0.842	8049
59942.093766	2260808135.577	   1.352	8049
59942.093882	2260808112.577	   1.153	8049
59942.093998	2260808089.077	   1.057	8049
59942.094114	2260808066.377	   0.979	8049
59942.094229	2260808037.077	   0.834	8049
59942.094345	2260808009.377	   0.868	8049
59942.094461	2260807985.177	   0.872	8049
59942.094577	2260807952.777	   0.857	8049
59942.094692	2260807922.276	   0.810	8049
59942.094808	2260807887.776	   0.825	8049
59942.094924	2260807857.376	   0.774	8049
59942.095039	2260807821.776	   0.952	8049
59942.095155	2260807793.576	   0.943	8049
59942.095271	2260807760.676	   0.801	8049
59942.095387	2260807727.776	   0.820	8049
59942.095502	2260807695.276	   0.852	8049
59942.095618	2260807665.176	   0.727	8049
59942.095734	2260807628.975	   0.768	8049
59942.095849	2260807590.175	   0.295	8049
59942.095965	2260807549.375	   0.303	8049
59942.096081	2260807508.275	   0.328	8049
59942.096197	2260807468.075	   0.291	8049
59942.096313	2260807430.075	   0.430	8049
59942.096428	2260807394.075	   0.339	8049
59942.096544	2260807353.475	   0.420	8049
59942.096660	2260807315.574	   0.471	8049
59942.096775	2260807278.474	   0.344	8049
59942.096891	2260807235.674	   0.353	8049
59942.097007	2260807189.974	   0.336	8049
59942.097123	2260807146.774	   0.415	8049
59942.097238	2260807103.274	   0.703	8049
59942.097354	2260807056.574	   0.566	8049
59942.097470	2260807004.273	   0.620	8049
59942.097586	2260806955.473	   0.635	8049
59942.097701	2260806910.873	   0.666	8049
59942.097817	2260806865.973	   0.627	8049
59942.097933	2260806823.873	   0.583	8049
59942.098049	2260806772.773	   0.579	8049
59942.098164	2260806728.972	   0.639	8049
59942.098280	2260806678.472	   0.577	8049
59942.098396	2260806625.172	   0.523	8049
59942.098512	2260806576.872	   0.503	8049
59942.098627	2260806520.172	   0.180	8049
59942.098743	2260806466.972	   0.168	8049
59942.098859	2260806411.071	   0.191	8049
59942.098974	2260806353.371	   0.196	8049
59942.099090	2260806304.771	   0.225	8049
59942.099206	2260806251.471	   0.189	8049
59942.099322	2260806205.071	   0.195	8049
59942.099438	2260806146.770	   0.212	8049
59942.099553	2260806094.970	   0.238	8049
59942.099669	2260806035.170	   0.235	8049
59942.099785	2260805978.970	   0.254	8049
59942.099901	2260805918.670	   0.226	8049
59942.100016	2260805863.170	   0.336	8049
59942.100132	2260805796.769	   0.324	8049
59942.100248	2260805738.769	   0.323	8049
59942.100363	2260805676.469	   0.323	8049
59942.100479	2260805618.369	   0.354	8049
59942.100595	2260805563.969	   0.354	8049
59942.100711	2260805500.568	   0.431	8049
59942.100826	2260805441.668	   0.334	8049
59942.100942	2260805375.268	   0.356	8049
59942.101058	2260805317.968	   0.340	8049
59942.101174	2260805250.368	   0.353	8049
59942.101289	2260805185.667	   0.345	8049
59942.101405	2260805123.267	   0.334	8049
59942.101521	2260805060.167	   0.384	8049
59942.101637	2260804990.867	   0.366	8049
59942.101752	2260804921.766	   0.363	8049
59942.101868	2260804860.466	   0.330	8049
59942.101984	2260804789.966	   0.389	8049
59942.102099	2260804725.466	   0.381	8049
59942.102215	2260804659.766	   0.406	8049
59942.102331	2260804590.565	   0.401	8049
59942.102447	2260804525.765	   0.350	8049
59942.102563	2260804452.465	   0.366	8049
59942.102678	2260804389.965	   0.398	8049
59942.102794	2260804314.064	   0.316	8049
59942.102910	2260804247.364	   0.126	8049
59942.103025	2260804179.864	   0.129	8049
59942.103141	2260804107.564	   0.143	8049
59942.103257	2260804033.463	   0.132	8049
59942.103373	2260803955.763	   0.154	8049
59942.103488	2260803882.163	   0.143	8049
59942.103604	2260803809.963	   0.166	8049
59942.103720	2260803736.062	   0.172	8049
59942.103836	2260803669.762	   0.161	8049
59942.103951	2260803591.262	   0.177	8049
59942.104067	2260803519.662	   0.154	8049
59942.104183	2260803444.361	   0.180	8049
59942.104299	2260803378.861	   0.340	8049
59942.104414	2260803302.361	   0.326	8049
59942.104530	2260803224.561	   0.374	8049
59942.104646	2260803156.761	   0.328	8049
59942.104762	2260803076.260	   0.356	8049
59942.104877	2260802989.560	   0.328	8049
59942.104993	2260802914.660	   0.356	8049
59942.105109	2260802829.859	   0.308	8049
59942.105225	2260802758.959	   0.335	8049
59942.105340	2260802678.359	   0.381	8049
59942.105456	2260802596.859	   0.370	8049
59942.105572	2260802519.558	   0.342	8049
59942.105687	2260802449.258	   0.117	8049
59942.105803	2260802371.458	   0.131	8049
59942.105919	2260802294.658	   0.311	8049
59942.106035	2260802210.157	   0.304	8049
59942.106151	2260802131.757	   0.296	8049
59942.106266	2260802049.957	   0.279	8049
59942.106382	2260801975.957	   0.273	8049
59942.106498	2260801895.356	   0.280	8049
59942.106613	2260801808.856	   0.296	8049
59942.106729	2260801730.956	   0.294	8049
59942.106845	2260801648.455	   0.295	8049
59942.106961	2260801567.755	   0.253	8049
59942.107076	2260801483.055	   0.275	8049
59942.107192	2260801400.555	   0.283	8049
59942.107308	2260801315.754	   0.256	8049
59942.107424	2260801224.654	   0.278	8049
59942.107539	2260801148.354	   0.253	8049
59942.107655	2260801061.854	   0.344	8049
59942.107771	2260800981.253	   0.326	8049
59942.107887	2260800902.653	   0.364	8049
59942.108002	2260800819.153	   0.348	8049
59942.108118	2260800740.252	   0.324	8049
59942.108234	2260800654.252	   0.338	8049
59942.108350	2260800573.452	   0.323	8049
59942.108465	2260800491.952	   0.325	8049
59942.108581	2260800407.051	   0.297	8049
59942.108697	2260800318.651	   0.342	8049
59942.108813	2260800236.851	   0.355	8049
59942.108929	2260800153.951	   0.312	8049
59942.109044	2260800072.050	   0.216	8049
59942.109160	2260799979.950	   0.213	8049
59942.109276	2260799901.550	   0.223	8049
59942.109391	2260799812.249	   0.215	8049
59942.109507	2260799722.449	   0.242	8049
59942.109623	2260799646.049	   0.216	8049
59942.109739	2260799554.649	   0.204	8049
59942.109854	2260799467.348	   0.199	8049
59942.109970	2260799383.048	   0.211	8049
59942.110086	2260799294.148	   0.204	8049
59942.110201	2260799208.347	   0.192	8049
59942.110317	2260799133.747	   0.193	8049
59942.110433	2260799045.647	   0.329	8049
59942.110549	2260798952.447	   0.340	8049
59942.110664	2260798869.246	   0.350	8049
59942.110780	2260798787.046	   0.335	8049
59942.110896	2260798696.446	   0.327	8049
59942.111011	2260798613.645	   0.339	8049
59942.111127	2260798528.145	   0.388	8049
59942.111243	2260798441.945	   0.382	8049
59942.111359	2260798354.545	   0.324	8049
59942.111475	2260798268.444	   0.301	8049
59942.111590	2260798192.144	   0.352	8049
59942.111706	2260798104.044	   0.377	8049
59942.111822	2260798025.243	   0.234	8049
59942.111938	2260797935.143	   0.255	8049
59942.112053	2260797849.943	   0.218	8049
59942.112169	2260797767.743	   0.253	8049
59942.112285	2260797686.142	   0.212	8049
59942.112401	2260797602.042	   0.214	8049
59942.112516	2260797519.242	   0.208	8049
59942.112632	2260797430.741	   0.226	8049
59942.112748	2260797347.241	   0.206	8049
59942.112863	2260797263.741	   0.249	8049
59942.112979	2260797183.941	   0.222	8049
59942.113095	2260797098.040	   0.193	8049
59942.113211	2260797013.440	   0.347	8049
59942.113326	2260796929.240	   0.327	8049
59942.113442	2260796844.639	   0.291	8049
59942.113558	2260796761.739	   0.300	8049
59942.113674	2260796668.439	   0.322	8049
59942.113789	2260796589.239	   0.329	8049
59942.113905	2260796506.638	   0.377	8049
59942.114021	2260796426.238	   0.330	8049
59942.114137	2260796336.538	   0.320	8049
59942.114252	2260796255.638	   0.337	8049
59942.114368	2260796178.237	   0.318	8049
59942.114484	2260796092.437	   0.354	8049
59942.114599	2260796013.337	   0.317	8049
59942.114715	2260795932.836	   0.322	8049
59942.114831	2260795849.336	   0.313	8049
59942.114947	2260795777.136	   0.279	8049
59942.115062	2260795694.236	   0.308	8049
59942.115178	2260795615.435	   0.324	8049
59942.115294	2260795539.335	   0.352	8049
59942.115410	2260795458.435	   0.324	8049
59942.115525	2260795380.035	   0.291	8049
59942.115641	2260795297.034	   0.288	8049
59942.115757	2260795213.934	   0.335	8049
59942.115873	2260795139.134	   0.294	8049
59942.115989	2260795059.634	   0.326	8049
59942.116104	2260794981.733	   0.352	8049
59942.116220	2260794904.033	   0.312	8049
59942.116336	2260794825.533	   0.345	8049
59942.116451	2260794740.032	   0.347	8049
59942.116567	2260794665.432	   0.391	8049
59942.116683	2260794588.232	   0.374	8049
59942.116799	2260794523.832	   0.388	8049
59942.116914	2260794442.731	   0.358	8049
59942.117030	2260794369.631	   0.362	8049
59942.117146	2260794293.031	   0.354	8049
59942.117261	2260794220.031	   0.348	8049
59942.117377	2260794147.730	   0.357	8049
59942.117493	2260794068.730	   0.325	8049
59942.117609	2260793993.130	   0.327	8049
59942.117725	2260793917.230	   0.354	8049
59942.117956	2260793773.729	   0.375	8049
59942.118072	2260793695.429	   0.381	8049
59942.118188	2260793624.729	   0.408	8049
59942.118303	2260793561.629	   0.362	8049
59942.118419	2260793483.528	   0.384	8049
59942.118535	2260793423.328	   0.387	8049
59942.118650	2260793349.128	   0.414	8049
59942.118766	2260793282.528	   0.424	8049
59942.118882	2260793211.427	   0.345	8049
59942.118998	2260793144.827	   0.296	8049
59942.119113	2260793072.027	   0.320	8049
59942.119229	2260793011.727	   0.324	8049
59942.119345	2260792934.526	   0.308	8049
59942.119461	2260792869.426	   0.380	8049
59942.119576	2260792804.726	   0.309	8049
59942.119692	2260792740.226	   0.337	8049
59942.119808	2260792674.426	   0.321	8049
59942.119924	2260792612.125	   0.327	8049
59942.120040	2260792544.625	   0.307	8049
59942.120155	2260792480.725	   0.337	8049
59942.120271	2260792416.525	   0.458	8049
59942.120387	2260792360.925	   0.417	8049
59942.120502	2260792298.524	   0.436	8049
59942.120618	2260792232.924	   0.421	8049
59942.120734	2260792171.124	   0.468	8049
59942.120849	2260792106.524	   0.445	8049
59942.120965	2260792044.123	   0.499	8049
59942.121081	2260791992.023	   0.493	8049
59942.121197	2260791932.623	   0.538	8049
59942.121313	2260791869.823	   0.496	8049
59942.121428	2260791815.223	   0.483	8049
59942.121544	2260791757.223	   0.502	8049
59942.121660	2260791701.722	   0.447	8049
59942.121776	2260791646.222	   0.428	8049
59942.121891	2260791596.222	   0.437	8049
59942.122007	2260791539.822	   0.421	8049
59942.122123	2260791480.622	   0.366	8049
59942.122238	2260791425.621	   0.413	8049
59942.122354	2260791374.421	   0.360	8049
59942.122470	2260791316.921	   0.395	8049
59942.122586	2260791265.421	   0.398	8049
59942.122702	2260791212.121	   0.382	8049
59942.122817	2260791161.821	   0.396	8049
59942.122933	2260791116.820	   0.448	8049
59942.123049	2260791062.820	   0.568	8049
59942.123164	2260791018.620	   0.735	8049
59942.123280	2260790980.920	   0.616	8049
59942.123396	2260790925.120	   0.680	8049
59942.123512	2260790870.520	   0.524	8049
59942.123627	2260790829.119	   0.636	8049
59942.123743	2260790776.319	   0.601	8049
59942.123859	2260790733.419	   0.565	8049
59942.123975	2260790690.019	   0.647	8049
59942.124090	2260790643.519	   0.727	8049
59942.124206	2260790601.219	   0.644	8049
59942.124322	2260790562.819	   0.655	8049
59942.124437	2260790520.418	   0.553	8049
59942.124553	2260790482.018	   0.448	8049
59942.124669	2260790443.718	   0.472	8049
59942.124785	2260790402.318	   0.693	8049
59942.124901	2260790359.318	   0.671	8049
59942.125016	2260790318.618	   0.674	8049
59942.125132	2260790278.318	   0.744	8049
59942.125248	2260790242.717	   0.822	8049
59942.125363	2260790204.317	   0.821	8049
59942.125479	2260790168.317	   0.792	8049
59942.125595	2260790135.417	   0.694	8049
59942.125711	2260790106.817	   0.852	8049
59942.125826	2260790074.117	   1.046	8049
59942.125942	2260790042.617	   0.753	8049
59942.126058	2260790004.417	   0.771	8049
59942.126174	2260789971.417	   0.848	8049
59942.126290	2260789936.016	   0.820	8049
59942.126405	2260789905.616	   0.848	8049
59942.126521	2260789876.716	   0.991	8049
59942.126637	2260789848.316	   1.053	8049
59942.126753	2260789819.416	   1.162	8049
59942.126868	2260789793.616	   1.115	8049
59942.126984	2260789770.816	   1.258	8049
59942.127100	2260789747.816	   1.320	8049
59942.168766	2260807095.774	   0.043	8049
59942.168882	2260807111.674	   0.033	8049
59942.168998	2260807136.874	   0.045	8049
59942.169113	2260807160.174	   0.041	8049
59942.169229	2260807181.274	   0.064	8049
59942.169345	2260807201.774	   0.124	8049
59942.169461	2260807220.374	   0.156	8049
59942.169576	2260807237.174	   0.188	8049
59942.169692	2260807251.974	   0.237	8049
59942.169808	2260807266.674	   0.355	8049
59942.169924	2260807280.374	   0.470	8049
59942.170039	2260807292.174	   0.584	8049
59942.170155	2260807301.974	   0.791	8049
59942.170271	2260807318.774	   0.361	8049
59942.170387	2260807332.974	   0.700	8049
59942.170502	2260807346.874	   0.650	8049
59942.170618	2260807359.975	   0.958	8049
59942.170734	2260807370.675	   0.951	8049
59942.170850	2260807381.475	   1.208	8049
59942.170965	2260807389.375	   1.395	8049
59942.171081	2260807395.275	   2.165	8049
59942.171197	2260807400.875	   4.605	8049
59942.171312	2260807405.475	   6.096	8049
59942.171428	2260807407.775	   7.971	8049
59942.171544	2260807416.275	   1.885	8049
59942.171660	2260807423.975	   2.492	8049
59942.171776	2260807430.775	   2.982	8049
59942.171891	2260807435.575	   4.893	8049
59942.172007	2260807438.975	   6.449	8049
59942.172123	2260807440.675	  15.129	8049
59942.172239	2260807441.175	  16.037	8049
59942.172354	2260807439.975	   9.633	8049
59942.172470	2260807438.475	   9.504	8049
59942.172586	2260807434.775	   4.910	8049
59942.172701	2260807429.675	  16.210	8049
59942.172817	2260807430.775	  29.323	8049
59942.172933	2260807430.575	  20.214	8049
59942.173049	2260807428.775	   7.650	8049
59942.173164	2260807426.075	   6.192	8049
59942.173280	2260807422.475	   5.091	8049
59942.173396	2260807416.075	   2.118	8049
59942.173512	2260807409.275	   2.627	8049
59942.173627	2260807400.475	   1.539	8049
59942.173743	2260807389.975	   1.141	8049
59942.173859	2260807379.175	   1.076	8049
59942.173975	2260807366.475	   3.774	8049
59942.174090	2260807359.475	   2.006	8049
59942.174206	2260807351.875	   1.526	8049
59942.174322	2260807343.574	   1.693	8049
59942.174438	2260807332.174	   1.465	8049
59942.174553	2260807320.074	   1.181	8049
59942.174669	2260807306.374	   1.459	8049
59942.174785	2260807291.974	   1.018	8049
59942.174901	2260807275.474	   1.061	8049
59942.175016	2260807256.774	   1.400	8049
59942.175132	2260807239.474	   1.700	8049
59942.175248	2260807218.674	   1.613	8049
59942.175364	2260807203.274	   1.739	8049
59942.175479	2260807190.674	   1.366	8049
59942.175595	2260807174.174	   1.335	8049
59942.175711	2260807156.874	   1.088	8049
59942.175826	2260807135.074	   1.061	8049
59942.175942	2260807111.874	   0.917	8049
59942.176058	2260807090.974	   0.860	8049
59942.176174	2260807066.574	   0.795	8049
59942.176289	2260807041.373	   0.781	8049
59942.176405	2260807016.573	   1.187	8049
59942.176521	2260806986.473	   1.139	8049
59942.176637	2260806966.573	   1.415	8049
59942.176752	2260806942.773	   1.356	8049
59942.176868	2260806921.073	   1.061	8049
59942.176984	2260806891.373	   1.096	8049
59942.177100	2260806865.873	   0.965	8049
59942.177215	2260806836.973	   1.211	8049
59942.177331	2260806809.073	   0.912	8049
59942.177447	2260806776.573	   1.037	8049
59942.177562	2260806744.872	   0.929	8049
59942.177678	2260806710.872	   0.882	8049
59942.177794	2260806675.072	   0.697	8049
59942.177910	2260806645.072	   0.845	8049
59942.178026	2260806613.472	   0.771	8049
59942.178141	2260806584.572	   0.676	8049
59942.178257	2260806546.972	   0.676	8049
59942.178373	2260806515.872	   0.654	8049
59942.178488	2260806479.272	   0.528	8049
59942.178604	2260806444.371	   0.529	8049
59942.178720	2260806403.471	   0.532	8049
59942.178836	2260806366.971	   0.443	8049
59942.178951	2260806325.471	   0.486	8049
59942.179067	2260806281.271	   0.439	8049
59942.179183	2260806247.071	   0.772	8049
59942.179299	2260806207.571	   0.736	8049
59942.179415	2260806165.571	   0.861	8049
59942.179530	2260806125.670	   0.770	8049
59942.179646	2260806085.570	   0.752	8049
59942.179762	2260806042.770	   0.689	8049
59942.179877	2260806005.570	   0.691	8049
59942.179993	2260805954.870	   0.729	8049
59942.180109	2260805910.270	   0.649	8049
59942.180225	2260805860.270	   0.697	8049
59942.180341	2260805815.969	   0.594	8049
59942.180456	2260805763.869	   0.586	8049
59942.180572	2260805719.269	   0.417	8049
59942.180688	2260805677.169	   0.338	8049
59942.180803	2260805631.569	   0.378	8049
59942.180919	2260805581.769	   0.334	8049
59942.181035	2260805534.968	   0.390	8049
59942.181151	2260805486.168	   0.331	8049
59942.181266	2260805430.968	   0.341	8049
59942.181382	2260805382.268	   0.349	8049
59942.181498	2260805329.768	   0.331	8049
59942.181614	2260805273.468	   0.307	8049
59942.181730	2260805221.267	   0.303	8049
59942.181845	2260805162.067	   0.275	8049
59942.181961	2260805112.267	   0.317	8049
59942.182076	2260805059.167	   0.305	8049
59942.182192	2260805007.767	   0.302	8049
59942.182308	2260804951.767	   0.305	8049
59942.182424	2260804899.566	   0.304	8049
59942.182540	2260804836.566	   0.288	8049
59942.182655	2260804786.166	   0.277	8049
59942.182771	2260804724.566	   0.276	8049
59942.182887	2260804663.666	   0.291	8049
59942.183002	2260804606.665	   0.340	8049
59942.183118	2260804541.165	   0.249	8049
59942.183234	2260804486.265	   0.246	8049
59942.183350	2260804420.065	   0.264	8049
59942.183466	2260804363.065	   0.277	8049
59942.183581	2260804304.964	   0.276	8049
59942.183697	2260804238.264	   0.252	8049
59942.183813	2260804182.864	   0.295	8049
59942.183928	2260804122.564	   0.285	8049
59942.184044	2260804061.064	   0.277	8049
59942.184160	2260803997.663	   0.248	8049
59942.184276	2260803927.963	   0.212	8049
59942.184391	2260803866.063	   0.229	8049
59942.184507	2260803798.563	   0.209	8049
59942.184623	2260803730.962	   0.216	8049
59942.184738	2260803664.262	   0.208	8049
59942.184854	2260803589.862	   0.354	8049
59942.184970	2260803528.362	   0.401	8049
59942.185086	2260803458.862	   0.374	8049
59942.185202	2260803399.761	   0.374	8049
59942.185317	2260803327.961	   0.364	8049
59942.185433	2260803261.461	   0.369	8049
59942.185549	2260803197.061	   0.436	8049
59942.185665	2260803121.260	   0.356	8049
59942.185780	2260803056.760	   0.414	8049
59942.185896	2260802984.460	   0.390	8049
59942.186012	2260802920.960	   0.409	8049
59942.186127	2260802841.959	   0.355	8049
59942.186243	2260802767.059	   0.243	8049
59942.186359	2260802695.959	   0.240	8049
59942.186475	2260802618.659	   0.224	8049
59942.186590	2260802548.058	   0.209	8049
59942.186706	2260802474.358	   0.255	8049
59942.186822	2260802407.958	   0.246	8049
59942.186938	2260802333.458	   0.225	8049
59942.187053	2260802259.758	   0.200	8049
59942.187169	2260802190.557	   0.217	8049
59942.187285	2260802113.357	   0.215	8049
59942.187400	2260802034.757	   0.187	8049
59942.187516	2260801961.657	   0.185	8049
59942.187632	2260801888.956	   0.367	8049
59942.187748	2260801815.656	   0.298	8049
59942.187864	2260801737.756	   0.325	8049
59942.187979	2260801656.656	   0.370	8049
59942.188095	2260801576.655	   0.317	8049
59942.188211	2260801497.055	   0.334	8049
59942.188326	2260801419.755	   0.343	8049
59942.188442	2260801341.054	   0.357	8049
59942.188558	2260801267.054	   0.364	8049
59942.188674	2260801187.854	   0.315	8049
59942.188789	2260801112.054	   0.337	8049
59942.188905	2260801034.053	   0.292	8049
59942.189021	2260800954.553	   0.272	8049
59942.189137	2260800875.953	   0.264	8049
59942.189252	2260800800.953	   0.236	8049
59942.189368	2260800721.952	   0.218	8049
59942.189484	2260800641.252	   0.225	8049
59942.189600	2260800562.052	   0.234	8049
59942.189715	2260800483.752	   0.236	8049
59942.189831	2260800393.951	   0.215	8049
59942.189947	2260800313.751	   0.234	8049
59942.190062	2260800233.351	   0.234	8049
59942.190178	2260800153.651	   0.242	8049
59942.190294	2260800069.650	   0.211	8049
59942.190410	2260799992.350	   0.312	8049
59942.190526	2260799907.350	   0.320	8049
59942.190641	2260799825.749	   0.335	8049
59942.190757	2260799743.149	   0.330	8049
59942.190873	2260799657.349	   0.344	8049
59942.190988	2260799575.449	   0.348	8049
59942.191104	2260799496.048	   0.348	8049
59942.191220	2260799414.448	   0.358	8049
59942.191336	2260799326.248	   0.334	8049
59942.191451	2260799246.147	   0.358	8049
59942.191567	2260799168.947	   0.340	8049
59942.191683	2260799083.547	   0.348	8049
59942.191799	2260799003.647	   0.177	8049
59942.191914	2260798917.346	   0.183	8049
59942.192030	2260798832.446	   0.182	8049
59942.192146	2260798751.646	   0.185	8049
59942.192262	2260798664.846	   0.174	8049
59942.192377	2260798581.845	   0.175	8049
59942.192493	2260798501.345	   0.191	8049
59942.192609	2260798414.545	   0.184	8049
59942.192725	2260798331.644	   0.169	8049
59942.192841	2260798247.044	   0.186	8049
59942.192956	2260798169.044	   0.186	8049
59942.193072	2260798079.444	   0.181	8049
59942.193188	2260797998.743	   0.275	8049
59942.193303	2260797911.343	   0.268	8049
59942.193419	2260797828.243	   0.289	8049
59942.193535	2260797741.842	   0.276	8049
59942.193651	2260797663.642	   0.316	8049
59942.193766	2260797579.342	   0.267	8049
59942.193882	2260797492.742	   0.264	8049
59942.193998	2260797409.141	   0.269	8049
59942.194113	2260797324.141	   0.284	8049
59942.194229	2260797238.941	   0.273	8049
59942.194345	2260797154.241	   0.280	8049
59942.194461	2260797068.440	   0.303	8049
59942.194576	2260796993.040	   0.273	8049
59942.194692	2260796903.940	   0.284	8049
59942.194808	2260796828.039	   0.253	8049
59942.194924	2260796742.639	   0.279	8049
59942.195039	2260796658.339	   0.280	8049
59942.195155	2260796574.639	   0.255	8049
59942.195271	2260796492.238	   0.266	8049
59942.195387	2260796408.338	   0.299	8049
59942.195502	2260796327.138	   0.249	8049
59942.195618	2260796250.438	   0.247	8049
59942.195734	2260796163.137	   0.245	8049
59942.195850	2260796085.537	   0.248	8049
59942.195965	2260796002.637	   0.236	8049
59942.196081	2260795924.936	   0.245	8049
59942.196197	2260795838.336	   0.244	8049
59942.196313	2260795762.636	   0.254	8049
59942.196428	2260795669.236	   0.242	8049
59942.196544	2260795594.235	   0.253	8049
59942.196660	2260795510.135	   0.270	8049
59942.196776	2260795426.535	   0.223	8049
59942.196891	2260795353.535	   0.202	8049
59942.197007	2260795265.634	   0.333	8049
59942.197123	2260795186.234	   0.335	8049
59942.197238	2260795098.334	   0.319	8049
59942.197354	2260795030.033	   0.326	8049
59942.197470	2260794951.933	   0.326	8049
59942.197586	2260794871.233	   0.325	8049
59942.197701	2260794788.433	   0.341	8049
59942.197817	2260794711.632	   0.367	8049
59942.197933	2260794639.632	   0.350	8049
59942.198049	2260794558.632	   0.326	8049
59942.198164	2260794482.332	   0.313	8049
59942.198280	2260794408.331	   0.337	8049
59942.198396	2260794332.231	   0.300	8049
59942.198512	2260794248.031	   0.328	8049
59942.198628	2260794169.231	   0.320	8049
59942.198743	2260794092.530	   0.344	8049
59942.198859	2260794007.130	   0.311	8049
59942.198975	2260793939.730	   0.304	8049
59942.199090	2260793856.730	   0.306	8049
59942.199206	2260793786.429	   0.312	8049
59942.199322	2260793717.429	   0.305	8049
59942.199438	2260793637.429	   0.316	8049
59942.199554	2260793560.629	   0.323	8049
59942.199669	2260793485.128	   0.285	8049
59942.199785	2260793415.828	   0.322	8049
59942.199901	2260793342.728	   0.312	8049
59942.200016	2260793275.728	   0.304	8049
59942.200132	2260793200.227	   0.287	8049
59942.200248	2260793133.027	   0.323	8049
59942.200364	2260793054.827	   0.320	8049
59942.200479	2260792987.727	   0.315	8049
59942.200595	2260792913.526	   0.359	8049
59942.200711	2260792840.626	   0.327	8049
59942.200826	2260792766.026	   0.331	8049
59942.200942	2260792700.226	   0.333	8049
59942.201058	2260792626.025	   0.310	8049
59942.201174	2260792561.125	   0.304	8049
59942.201289	2260792493.625	   0.359	8049
59942.201405	2260792428.125	   0.304	8049
59942.201521	2260792355.825	   0.328	8049
59942.201637	2260792294.724	   0.337	8049
59942.201752	2260792228.424	   0.297	8049
59942.201868	2260792157.724	   0.306	8049
59942.201984	2260792092.524	   0.295	8049
59942.202100	2260792029.723	   0.316	8049
59942.202215	2260791957.323	   0.316	8049
59942.202331	2260791894.323	   0.346	8049
59942.202447	2260791831.023	   0.289	8049
59942.202563	2260791769.823	   0.271	8049
59942.202678	2260791703.622	   0.279	8049
59942.202794	2260791638.922	   0.289	8049
59942.202910	2260791577.322	   0.323	8049
59942.203025	2260791512.522	   0.124	8049
59942.203141	2260791466.522	   0.229	8049
59942.203257	2260791404.021	   0.257	8049
59942.203373	2260791341.921	   0.207	8049
59942.203488	2260791289.721	   0.216	8049
59942.203604	2260791224.321	   0.242	8049
59942.203720	2260791169.121	   0.232	8049
59942.203836	2260791103.220	   0.229	8049
59942.203952	2260791042.820	   0.216	8049
59942.204067	2260790989.620	   0.259	8049
59942.204183	2260790932.120	   0.218	8049
59942.204299	2260790881.420	   0.209	8049
59942.204415	2260790828.119	   0.189	8049
59942.204530	2260790773.319	   0.206	8049
59942.204646	2260790721.119	   0.199	8049
59942.204762	2260790670.919	   0.176	8049
59942.204877	2260790618.619	   0.175	8049
59942.204993	2260790561.519	   0.215	8049
59942.205109	2260790511.318	   0.219	8049
59942.205225	2260790457.018	   0.172	8049
59942.205341	2260790407.718	   0.175	8049
59942.205456	2260790354.518	   0.180	8049
59942.205572	2260790307.818	   0.192	8049
59942.205688	2260790257.318	   0.250	8049
59942.205803	2260790216.817	   0.178	8049
59942.205919	2260790164.917	   0.165	8049
59942.206035	2260790121.817	   0.196	8049
59942.206151	2260790078.117	   0.178	8049
59942.206267	2260790032.417	   0.181	8049
59942.206382	2260789982.917	   0.178	8049
59942.206498	2260789938.216	   0.174	8049
59942.206614	2260789890.116	   0.173	8049
59942.206729	2260789844.516	   0.177	8049
59942.206845	2260789805.216	   0.200	8049
59942.206961	2260789769.516	   0.172	8049
59942.207077	2260789728.416	   0.209	8049
59942.207192	2260789690.016	   0.226	8049
59942.207308	2260789650.716	   0.182	8049
59942.207424	2260789614.715	   0.203	8049
59942.207539	2260789578.915	   0.165	8049
59942.207655	2260789534.215	   0.145	8049
59942.207771	2260789498.915	   0.153	8049
59942.207887	2260789457.615	   0.154	8049
59942.208003	2260789420.915	   0.154	8049
59942.208118	2260789387.015	   0.177	8049
59942.208234	2260789354.015	   0.220	8049
59942.208350	2260789321.914	   0.222	8049
59942.208465	2260789288.814	   0.235	8049
59942.208581	2260789260.414	   0.243	8049
59942.208697	2260789234.214	   0.324	8049
59942.208813	2260789200.214	   0.238	8049
59942.208928	2260789169.514	   0.223	8049
59942.209044	2260789137.014	   0.268	8049
59942.209160	2260789107.514	   0.349	8049
59942.209276	2260789079.714	   0.274	8049
59942.252447	2260806461.072	   0.006	8049
59942.252562	2260806474.672	   0.006	8049
59942.252678	2260806488.072	   0.007	8049
59942.252794	2260806498.572	   0.010	8049
59942.252910	2260806509.372	   0.011	8049
59942.253026	2260806520.472	   0.008	8049
59942.253141	2260806536.772	   0.010	8049
59942.253257	2260806550.472	   0.013	8049
59942.253373	2260806562.872	   0.016	8049
59942.253488	2260806573.572	   0.022	8049
59942.253604	2260806584.172	   0.014	8049
59942.253720	2260806590.972	   0.017	8049
59942.253836	2260806597.572	   0.020	8049
59942.253952	2260806603.372	   0.029	8049
59942.254067	2260806607.672	   0.033	8049
59942.254183	2260806610.972	   0.054	8049
59942.254299	2260806613.972	   0.018	8049
59942.254414	2260806621.172	   0.021	8049
59942.254530	2260806628.772	   0.022	8049
59942.254646	2260806633.372	   0.036	8049
59942.254762	2260806636.672	   0.068	8049
59942.254877	2260806638.972	   0.065	8049
59942.254993	2260806639.872	   0.124	8049
59942.255109	2260806639.572	   0.044	8049
59942.255225	2260806637.172	   0.030	8049
59942.255340	2260806633.472	   0.015	8049
59942.255456	2260806629.972	   0.012	8049
59942.255572	2260806624.172	   0.034	8049
59942.255687	2260806624.572	   0.043	8049
59942.255803	2260806623.072	   0.022	8049
59942.255919	2260806621.172	   0.023	8049
59942.256035	2260806617.072	   0.015	8049
59942.256151	2260806611.472	   0.012	8049
59942.256266	2260806605.172	   0.012	8049
59942.256382	2260806596.972	   0.024	8049
59942.256498	2260806588.672	   0.018	8049
59942.256613	2260806577.472	   0.020	8049
59942.256729	2260806564.272	   0.014	8049
59942.256845	2260806551.372	   0.014	8049
59942.256961	2260806543.572	   0.023	8049
59942.257077	2260806534.572	   0.019	8049
59942.257192	2260806525.172	   0.018	8049
59942.257308	2260806514.672	   0.014	8049
59942.257424	2260806501.872	   0.011	8049
59942.257540	2260806488.072	   0.015	8049
59942.257655	2260806470.172	   0.011	8049
59942.257771	2260806453.472	   0.007	8049
59942.257887	2260806439.271	   0.005	8049
59942.258002	2260806416.771	   0.006	8049
59942.258118	2260806394.571	   0.006	8049
59942.258234	2260806378.871	   0.007	8049
59942.258350	2260806364.571	   0.008	8049
59942.258466	2260806344.571	   0.006	8049
59942.258581	2260806327.871	   0.005	8049
59942.258697	2260806308.971	   0.007	8049
59942.258813	2260806287.071	   0.005	8049
59942.258928	2260806265.371	   0.007	8049
59942.259044	2260806236.471	   0.005	8049
59942.259160	2260806215.571	   0.007	8049
59942.259275	2260806185.671	   0.006	8049
59942.259391	2260806156.771	   0.006	8049
59942.259507	2260806132.270	   0.007	8049
59942.259623	2260806109.170	   0.006	8049
59942.259739	2260806089.770	   0.004	8049
59942.259854	2260806057.170	   0.004	8049
59942.259970	2260806033.670	   0.004	8049
59942.260086	2260806005.670	   0.003	8049
59942.260201	2260805971.270	   0.003	8049
