59934.680755	2260800782.549	   0.742	8049
59934.680872	2260800771.348	   0.675	8049
59934.680988	2260800758.248	   0.681	8049
59934.681104	2260800746.648	   0.765	8049
59934.681219	2260800734.648	   0.684	8049
59934.681335	2260800723.848	   0.693	8049
59934.681451	2260800711.648	   0.644	8049
59934.681566	2260800700.648	   0.865	8049
59934.681682	2260800690.448	   0.669	8049
59934.681798	2260800677.048	   0.759	8049
59934.681913	2260800666.048	   0.597	8049
59934.682029	2260800654.048	   0.653	8049
59934.682145	2260800643.148	   0.952	8049
59934.682261	2260800632.048	   0.500	8049
59934.682376	2260800618.847	   0.470	8049
59934.682492	2260800607.847	   0.583	8049
59934.682608	2260800597.647	   0.616	8049
59934.682724	2260800585.347	   0.545	8049
59934.682839	2260800573.147	   0.584	8049
59934.682955	2260800562.047	   0.543	8049
59934.683071	2260800550.147	   0.427	8049
59934.683187	2260800538.847	   0.431	8049
59934.683303	2260800526.547	   0.399	8049
59934.683418	2260800515.847	   0.411	8049
59934.683534	2260800504.747	   0.370	8049
59934.683650	2260800491.947	   0.913	8049
59934.683765	2260800480.347	   0.909	8049
59934.683881	2260800468.546	   1.052	8049
59934.683997	2260800456.846	   0.846	8049
59934.684113	2260800444.646	   0.799	8049
59934.684228	2260800433.446	   0.789	8049
59934.684344	2260800421.246	   0.789	8049
59934.684460	2260800411.046	   0.893	8049
59934.684576	2260800399.146	   0.900	8049
59934.684691	2260800386.746	   0.771	8049
59934.684807	2260800376.646	   0.831	8049
59934.684923	2260800364.046	   1.095	8049
59934.685039	2260800352.846	   0.647	8049
59934.685154	2260800340.646	   0.701	8049
59934.685270	2260800330.446	   0.610	8049
59934.685386	2260800315.945	   0.500	8049
59934.685501	2260800306.445	   0.565	8049
59934.685617	2260800293.245	   0.576	8049
59934.685733	2260800280.345	   0.478	8049
59934.685849	2260800270.645	   0.510	8049
59934.685965	2260800258.945	   0.462	8049
59934.686080	2260800246.645	   0.503	8049
59934.686196	2260800235.145	   0.477	8049
59934.686312	2260800223.345	   0.424	8049
59934.686427	2260800210.945	   0.465	8049
59934.686543	2260800198.845	   0.360	8049
59934.686659	2260800187.745	   0.455	8049
59934.686775	2260800175.345	   0.407	8049
59934.686890	2260800164.544	   0.384	8049
59934.687006	2260800151.844	   0.292	8049
59934.687122	2260800140.944	   0.265	8049
59934.687238	2260800129.044	   0.281	8049
59934.687353	2260800117.344	   0.328	8049
59934.687469	2260800106.944	   0.247	8049
59934.687585	2260800093.644	   0.251	8049
59934.687701	2260800082.544	   0.200	8049
59934.687816	2260800070.044	   0.581	8049
59934.687932	2260800057.544	   0.479	8049
59934.688048	2260800046.744	   0.589	8049
59934.688163	2260800034.544	   0.559	8049
59934.688279	2260800023.543	   0.602	8049
59934.688395	2260800011.943	   0.418	8049
59934.688511	2260799998.643	   0.450	8049
59934.688626	2260799986.643	   0.443	8049
59934.688742	2260799975.843	   0.389	8049
59934.688858	2260799964.643	   0.387	8049
59934.688974	2260799953.443	   0.405	8049
59934.689089	2260799940.843	   0.446	8049
59934.689205	2260799931.843	   0.200	8049
59934.689321	2260799917.443	   0.216	8049
59934.689437	2260799906.043	   0.180	8049
59934.689552	2260799893.943	   0.243	8049
59934.689668	2260799882.843	   0.212	8049
59934.689784	2260799871.642	   0.209	8049
59934.689900	2260799860.242	   0.270	8049
59934.690015	2260799848.142	   0.417	8049
59934.690131	2260799838.042	   0.340	8049
59934.690247	2260799826.242	   0.358	8049
59934.690362	2260799815.242	   0.293	8049
59934.690478	2260799800.742	   0.397	8049
59934.690594	2260799790.142	   0.599	8049
59934.690710	2260799779.742	   0.516	8049
59934.690826	2260799768.642	   0.508	8049
59934.690941	2260799756.542	   0.581	8049
59934.691057	2260799745.042	   0.592	8049
59934.691173	2260799733.542	   0.578	8049
59934.691289	2260799720.741	   0.482	8049
59934.691404	2260799710.441	   0.517	8049
59934.691520	2260799697.441	   0.573	8049
59934.691636	2260799686.241	   0.607	8049
59934.691751	2260799674.941	   0.638	8049
59934.691867	2260799662.941	   0.683	8049
59934.691983	2260799650.141	   0.710	8049
59934.692099	2260799638.641	   0.819	8049
59934.692214	2260799627.541	   0.673	8049
59934.692330	2260799617.041	   0.816	8049
59934.692446	2260799604.541	   0.838	8049
59934.692562	2260799592.141	   0.788	8049
59934.692677	2260799582.041	   1.040	8049
59934.692793	2260799569.840	   0.627	8049
59934.692909	2260799557.740	   0.734	8049
59934.693024	2260799546.440	   0.740	8049
59934.693140	2260799534.740	   0.695	8049
59934.693256	2260799523.940	   0.987	8049
59934.693372	2260799512.340	   0.558	8049
59934.693488	2260799500.940	   0.988	8049
59934.693603	2260799487.740	   0.973	8049
59934.693719	2260799477.440	   0.736	8049
59934.693835	2260799466.440	   0.754	8049
59934.693950	2260799452.540	   1.048	8049
59934.694066	2260799441.540	   0.873	8049
59934.694182	2260799430.240	   0.790	8049
59934.694298	2260799419.339	   0.965	8049
59934.694413	2260799404.739	   0.663	8049
59934.694529	2260799394.739	   0.763	8049
59934.694645	2260799382.039	   0.835	8049
59934.694761	2260799371.839	   0.968	8049
59934.694876	2260799361.539	   1.009	8049
59934.694992	2260799349.839	   0.765	8049
59934.695108	2260799335.939	   0.905	8049
59934.695224	2260799324.539	   0.748	8049
59934.695339	2260799313.339	   1.121	8049
59934.695455	2260799301.839	   0.957	8049
59934.695571	2260799290.139	   0.767	8049
59934.695687	2260799279.339	   0.937	8049
59934.695802	2260799266.438	   0.671	8049
59934.695918	2260799254.738	   0.599	8049
59934.696034	2260799243.438	   0.824	8049
59934.696150	2260799233.538	   0.757	8049
59934.696265	2260799221.738	   0.773	8049
59934.696381	2260799209.638	   0.832	8049
59934.696497	2260799197.338	   0.897	8049
59934.696612	2260799187.838	   0.604	8049
59934.696728	2260799174.038	   0.885	8049
59934.696844	2260799164.238	   0.743	8049
59934.696960	2260799150.638	   0.863	8049
59934.697076	2260799139.138	   0.525	8049
59934.697191	2260799126.738	   0.519	8049
59934.697307	2260799117.237	   0.646	8049
59934.697423	2260799106.137	   0.580	8049
59934.697539	2260799093.837	   0.644	8049
59934.697654	2260799081.937	   0.290	8049
59934.697770	2260799069.937	   0.284	8049
59934.697886	2260799058.737	   0.381	8049
59934.698001	2260799046.737	   0.220	8049
59934.698117	2260799035.537	   0.240	8049
59934.698233	2260799024.437	   0.201	8049
59934.698349	2260799011.737	   0.211	8049
59934.698464	2260799001.937	   0.225	8049
59934.698580	2260798989.737	   0.272	8049
59934.698696	2260798978.437	   0.248	8049
59934.698812	2260798968.436	   0.232	8049
59934.698927	2260798956.336	   0.223	8049
59934.699043	2260798944.836	   0.393	8049
59934.699159	2260798931.336	   0.412	8049
59934.699274	2260798920.836	   0.488	8049
59934.699390	2260798909.236	   0.433	8049
59934.699506	2260798898.236	   0.460	8049
59934.699622	2260798886.436	   0.416	8049
59934.699738	2260798876.636	   0.500	8049
59934.699853	2260798864.436	   0.600	8049
59934.699969	2260798852.436	   0.607	8049
59934.700085	2260798840.836	   0.561	8049
59934.700201	2260798830.436	   0.584	8049
59934.700316	2260798818.335	   0.845	8049
59934.700432	2260798806.435	   0.576	8049
59934.700548	2260798796.035	   0.654	8049
59934.700663	2260798784.435	   0.697	8049
59934.700779	2260798773.135	   0.551	8049
59934.700895	2260798760.835	   0.651	8049
59934.701011	2260798751.635	   0.548	8049
59934.701126	2260798738.235	   0.575	8049
59934.701242	2260798728.035	   0.705	8049
59934.701358	2260798716.735	   0.683	8049
59934.701474	2260798704.935	   0.854	8049
59934.701589	2260798693.835	   0.755	8049
59934.701705	2260798681.735	   0.668	8049
59934.701821	2260798673.034	   0.787	8049
59934.701937	2260798659.734	   0.890	8049
59934.702052	2260798649.334	   0.782	8049
59934.702168	2260798638.834	   0.665	8049
59934.702284	2260798626.434	   0.679	8049
59934.702400	2260798616.934	   0.737	8049
59934.702515	2260798603.934	   0.711	8049
59934.702631	2260798593.434	   0.670	8049
59934.702747	2260798582.634	   0.747	8049
59934.702862	2260798571.634	   0.855	8049
59934.702978	2260798560.334	   0.699	8049
59934.703094	2260798550.134	   1.025	8049
59934.703210	2260798538.134	   0.665	8049
59934.703326	2260798528.034	   0.682	8049
59934.703441	2260798517.033	   0.646	8049
59934.703557	2260798505.333	   0.618	8049
59934.703673	2260798494.433	   0.619	8049
59934.703788	2260798482.933	   0.808	8049
59934.703904	2260798469.933	   0.736	8049
59934.704020	2260798458.033	   0.543	8049
59934.704136	2260798446.833	   0.512	8049
59934.704251	2260798436.533	   0.709	8049
59934.704367	2260798423.833	   0.600	8049
59934.704483	2260798412.333	   0.796	8049
59934.704599	2260798399.933	   0.588	8049
59934.704714	2260798388.633	   0.535	8049
59934.704830	2260798377.933	   0.472	8049
59934.704946	2260798364.432	   0.487	8049
59934.705062	2260798352.932	   0.580	8049
59934.705177	2260798342.732	   0.417	8049
59934.705293	2260798331.932	   0.508	8049
59934.705409	2260798319.032	   0.414	8049
59934.705525	2260798308.032	   0.533	8049
59934.705640	2260798296.432	   0.475	8049
59934.705756	2260798284.432	   0.439	8049
59934.705872	2260798272.232	   0.470	8049
59934.705988	2260798261.132	   0.521	8049
59934.706104	2260798251.232	   0.609	8049
59934.706219	2260798239.632	   0.643	8049
59934.706335	2260798228.332	   0.555	8049
59934.706451	2260798217.231	   0.665	8049
59934.706566	2260798206.431	   0.495	8049
59934.706682	2260798195.531	   0.530	8049
59934.706798	2260798183.231	   0.462	8049
59934.706913	2260798172.331	   0.431	8049
59934.707029	2260798161.131	   0.487	8049
59934.707145	2260798149.831	   0.356	8049
59934.707261	2260798139.731	   0.523	8049
59934.707376	2260798127.631	   0.500	8049
59934.707492	2260798117.331	   0.402	8049
59934.707608	2260798105.731	   0.578	8049
59934.707724	2260798094.331	   0.525	8049
59934.707839	2260798084.131	   0.363	8049
59934.707955	2260798073.130	   0.584	8049
59934.708071	2260798062.030	   0.443	8049
59934.708187	2260798051.730	   0.402	8049
59934.708302	2260798041.430	   0.487	8049
59934.708418	2260798028.530	   0.338	8049
59934.708534	2260798018.630	   0.276	8049
59934.708650	2260798009.230	   0.464	8049
59934.708765	2260797998.330	   0.585	8049
59934.708881	2260797987.430	   0.347	8049
59934.708997	2260797978.230	   0.340	8049
59934.709112	2260797967.430	   0.370	8049
59934.709228	2260797956.730	   0.550	8049
59934.709344	2260797946.430	   0.344	8049
59934.709460	2260797935.230	   0.449	8049
59934.709575	2260797925.830	   0.312	8049
59934.709691	2260797915.029	   0.443	8049
59934.709807	2260797906.029	   0.477	8049
59934.709923	2260797894.629	   0.375	8049
59934.710038	2260797885.029	   0.406	8049
59934.710154	2260797874.329	   0.443	8049
59934.710270	2260797865.429	   0.395	8049
59934.710386	2260797856.029	   0.283	8049
59934.710501	2260797845.029	   0.300	8049
59934.710617	2260797835.329	   0.340	8049
59934.710733	2260797826.129	   0.232	8049
59934.710849	2260797815.729	   0.226	8049
59934.710964	2260797806.329	   0.299	8049
59934.711080	2260797796.329	   0.278	8049
59934.711196	2260797787.329	   0.250	8049
59934.711312	2260797776.629	   0.176	8049
59934.711427	2260797766.928	   0.192	8049
59934.711543	2260797759.028	   0.206	8049
59934.711659	2260797748.628	   0.340	8049
59934.711775	2260797737.528	   0.317	8049
59934.711890	2260797728.128	   0.253	8049
59934.712006	2260797715.828	   0.271	8049
59934.712122	2260797705.228	   0.304	8049
59934.712238	2260797695.428	   0.263	8049
59934.712353	2260797685.928	   0.246	8049
59934.712469	2260797673.128	   0.309	8049
59934.712585	2260797665.428	   0.271	8049
59934.712700	2260797654.628	   0.309	8049
59934.712816	2260797642.028	   0.332	8049
59934.712932	2260797633.328	   0.456	8049
59934.713048	2260797623.127	   0.333	8049
59934.713163	2260797611.427	   0.306	8049
59934.713279	2260797602.827	   0.331	8049
59934.713395	2260797593.527	   0.314	8049
59934.713511	2260797582.527	   0.303	8049
59934.713626	2260797572.827	   0.399	8049
59934.713742	2260797563.627	   0.348	8049
59934.713858	2260797551.527	   0.262	8049
59934.713974	2260797543.627	   0.323	8049
59934.714089	2260797533.927	   0.251	8049
59934.714205	2260797523.927	   0.248	8049
59934.714321	2260797514.027	   0.248	8049
59934.714437	2260797506.427	   0.280	8049
59934.714552	2260797497.427	   0.257	8049
59934.714668	2260797488.527	   0.237	8049
59934.714784	2260797478.927	   0.396	8049
59934.714900	2260797469.726	   0.314	8049
59934.715015	2260797460.726	   0.262	8049
59934.715131	2260797452.626	   0.280	8049
59934.715247	2260797443.126	   0.314	8049
59934.715363	2260797435.926	   0.220	8049
59934.715478	2260797426.726	   0.235	8049
59934.715594	2260797417.226	   0.283	8049
59934.715710	2260797408.526	   0.232	8049
59934.715825	2260797400.626	   0.388	8049
59934.715941	2260797393.826	   0.180	8049
59934.716057	2260797385.626	   0.141	8049
59934.716173	2260797376.726	   0.186	8049
59934.716288	2260797369.326	   0.180	8049
59934.716404	2260797360.726	   0.175	8049
59934.716520	2260797354.626	   0.182	8049
59934.716636	2260797347.226	   0.237	8049
59934.716752	2260797338.626	   0.238	8049
59934.716867	2260797331.226	   0.195	8049
59934.716983	2260797325.326	   0.166	8049
59934.717099	2260797314.725	   0.168	8049
59934.717214	2260797306.825	   0.208	8049
59934.717330	2260797296.825	   0.272	8049
59934.717446	2260797287.825	   0.289	8049
59934.717562	2260797279.325	   0.315	8049
59934.717677	2260797270.325	   0.304	8049
59934.717793	2260797262.425	   0.297	8049
59934.717909	2260797254.325	   0.501	8049
59934.718025	2260797245.925	   0.397	8049
59934.718140	2260797237.225	   0.331	8049
59934.718256	2260797229.725	   0.483	8049
59934.718372	2260797221.525	   0.510	8049
59934.718488	2260797213.525	   0.301	8049
59934.718603	2260797205.725	   0.457	8049
59934.718719	2260797198.225	   0.365	8049
59934.718835	2260797190.925	   0.323	8049
59934.718951	2260797184.425	   0.354	8049
59934.719066	2260797176.925	   0.363	8049
59934.719182	2260797170.024	   0.603	8049
59934.719298	2260797163.724	   0.607	8049
59934.719413	2260797155.824	   0.729	8049
59934.719529	2260797149.324	   0.851	8049
59934.719645	2260797143.824	   0.839	8049
59934.719761	2260797137.524	   0.598	8049
59934.719877	2260797131.424	   0.907	8049
59934.719992	2260797124.724	   0.883	8049
59934.720108	2260797119.824	   0.921	8049
59934.720224	2260797114.324	   0.658	8049
59934.720339	2260797108.924	   0.654	8049
59934.720455	2260797103.224	   0.599	8049
59934.720571	2260797098.524	   0.648	8049
59934.720687	2260797093.024	   0.694	8049
59934.720802	2260797089.124	   0.643	8049
59934.720918	2260797083.324	   0.766	8049
59934.721034	2260797078.124	   0.477	8049
59934.721150	2260797070.724	   0.404	8049
59934.721265	2260797063.824	   0.443	8049
59934.721381	2260797057.724	   0.519	8049
59934.721497	2260797051.224	   1.374	8049
59934.721613	2260797046.224	   1.564	8049
59934.721728	2260797040.224	   1.161	8049
59934.721844	2260797033.424	   1.385	8049
59934.721960	2260797028.624	   1.249	8049
59934.722075	2260797022.423	   2.175	8049
59934.722191	2260797017.223	   1.970	8049
59934.722307	2260797011.823	   2.060	8049
59934.722423	2260797006.523	   2.159	8049
59934.722538	2260797002.723	   2.172	8049
59934.722654	2260796998.623	   3.110	8049
59934.722770	2260796994.323	   1.876	8049
59934.722886	2260796989.923	   2.288	8049
59934.723001	2260796985.923	   2.022	8049
59934.723117	2260796982.523	   2.621	8049
59934.723233	2260796978.923	   3.155	8049
59934.723349	2260796976.423	   2.454	8049
59934.723464	2260796973.823	   3.433	8049
59934.723580	2260796970.223	   2.181	8049
59934.723696	2260796968.123	   3.139	8049
59934.723812	2260796965.323	   3.263	8049
59934.723927	2260796964.223	   3.532	8049
59934.724043	2260796961.923	   3.383	8049
59934.724159	2260796960.823	   4.902	8049
59934.724275	2260796959.523	   3.681	8049
59934.724390	2260796954.423	   2.117	8049
59934.724506	2260796950.923	   2.027	8049
59934.724622	2260796947.623	   2.069	8049
59934.724737	2260796943.623	   2.880	8049
59934.724853	2260796940.923	   3.618	8049
59934.724969	2260796938.223	   3.002	8049
59934.725085	2260796935.123	   5.538	8049
59934.725201	2260796932.823	   3.850	8049
59934.725316	2260796930.923	   5.010	8049
59934.725432	2260796928.723	   6.485	8049
59934.725548	2260796927.023	   9.295	8049
59934.725663	2260796925.723	   9.313	8049
59934.725779	2260796924.723	   7.547	8049
59934.725895	2260796924.123	  21.130	8049
59934.726011	2260796923.723	  23.912	8049
59934.726126	2260796923.523	  20.167	8049
59934.726242	2260796923.923	  21.999	8049
59934.726358	2260796924.423	  13.396	8049
59934.726474	2260796925.123	  11.583	8049
59934.726589	2260796926.323	  10.273	8049
59934.726705	2260796927.923	  14.002	8049
59934.726821	2260796929.723	   7.609	8049
59934.726937	2260796931.423	  12.309	8049
59934.727052	2260796934.123	  14.112	8049
59934.727168	2260796933.523	  13.287	8049
59934.727284	2260796932.823	  20.012	8049
59934.727400	2260796932.323	  19.648	8049
59934.727515	2260796932.423	  12.404	8049
59934.727631	2260796932.923	  15.628	8049
59934.727747	2260796933.523	  10.042	8049
59934.727863	2260796934.523	  17.986	8049
59934.727978	2260796936.123	   8.442	8049
59934.728094	2260796938.023	   5.224	8049
59934.728210	2260796940.123	   4.240	8049
59934.728325	2260796942.323	   5.317	8049
59934.728441	2260796945.123	   3.162	8049
59934.728557	2260796948.723	   2.736	8049
59934.728673	2260796951.923	   3.850	8049
59934.728788	2260796956.023	   4.430	8049
59934.728904	2260796960.623	   2.807	8049
59934.729020	2260796965.323	   2.455	8049
59934.729136	2260796970.723	   2.482	8049
59934.729252	2260796975.923	   1.722	8049
59934.729367	2260796981.723	   1.814	8049
59934.729483	2260796988.723	   1.576	8049
59934.729599	2260796993.323	   3.247	8049
59934.729714	2260796996.223	   6.521	8049
59934.729830	2260797000.023	   4.087	8049
59934.729946	2260797003.523	   3.939	8049
59934.730062	2260797008.023	   2.495	8049
59934.730177	2260797012.723	   2.831	8049
59934.730293	2260797017.223	   2.244	8049
59934.730409	2260797023.023	   2.509	8049
59934.730525	2260797029.824	   1.987	8049
59934.730640	2260797036.024	   2.537	8049
59934.730756	2260797042.124	   2.241	8049
59934.730872	2260797050.524	   2.249	8049
59934.730988	2260797056.824	   1.594	8049
59934.731103	2260797066.724	   1.949	8049
59934.731219	2260797075.024	   1.709	8049
59934.731335	2260797085.024	   1.385	8049
59934.731451	2260797093.924	   1.258	8049
59934.731566	2260797105.224	   1.242	8049
59934.731682	2260797114.624	   1.152	8049
59934.731798	2260797125.124	   1.359	8049
59934.731913	2260797132.524	   1.918	8049
59934.732029	2260797139.924	   2.119	8049
59934.732145	2260797147.824	   1.859	8049
59934.732261	2260797157.724	   1.589	8049
59934.732376	2260797166.224	   1.447	8049
59934.732492	2260797176.225	   1.493	8049
59934.732608	2260797185.725	   1.975	8049
59934.732724	2260797195.725	   2.284	8049
59934.732839	2260797208.225	   1.740	8049
59934.732955	2260797218.125	   1.952	8049
59934.733071	2260797231.525	   1.773	8049
59934.733187	2260797244.425	   1.428	8049
59934.733302	2260797254.925	   1.320	8049
59934.733418	2260797269.625	   1.181	8049
59934.733534	2260797284.825	   1.330	8049
59934.733650	2260797299.725	   1.288	8049
59934.733765	2260797316.725	   1.372	8049
59934.733881	2260797332.126	   1.243	8049
59934.733997	2260797342.026	   2.005	8049
59934.734113	2260797354.426	   1.060	8049
59934.734228	2260797368.026	   1.006	8049
59934.734344	2260797380.626	   1.372	8049
59934.734460	2260797394.726	   1.025	8049
59934.734576	2260797410.526	   0.829	8049
59934.734691	2260797423.526	   1.122	8049
59934.734807	2260797439.626	   0.842	8049
59934.734923	2260797455.926	   0.781	8049
59934.735038	2260797472.526	   1.107	8049
59934.735154	2260797491.627	   0.764	8049
59934.735270	2260797506.527	   0.866	8049
59934.735386	2260797527.327	   0.746	8049
59934.735501	2260797544.927	   0.982	8049
59934.735617	2260797566.227	   0.942	8049
59934.735733	2260797585.427	   1.013	8049
59934.735849	2260797604.227	   0.926	8049
59934.735964	2260797622.227	   1.157	8049
59934.736080	2260797640.528	   1.313	8049
59934.736196	2260797658.028	   1.087	8049
59934.736312	2260797676.128	   1.107	8049
59934.736428	2260797695.428	   1.143	8049
59934.736543	2260797713.628	   0.969	8049
59934.736659	2260797733.128	   0.961	8049
59934.736775	2260797755.628	   0.958	8049
59934.736890	2260797774.128	   0.821	8049
59934.737006	2260797798.929	   0.466	8049
59934.737122	2260797819.829	   0.485	8049
59934.737238	2260797842.529	   0.453	8049
59934.737353	2260797868.629	   0.371	8049
59934.737469	2260797891.829	   0.415	8049
59934.737585	2260797914.429	   0.357	8049
59934.737700	2260797942.530	   0.398	8049
59934.737816	2260797968.430	   0.396	8049
59934.737932	2260797989.130	   0.396	8049
59934.738048	2260798009.530	   0.471	8049
59934.738164	2260798035.230	   0.402	8049
59934.738279	2260798060.130	   0.484	8049
59934.738395	2260798082.931	   0.724	8049
59934.738511	2260798104.131	   0.556	8049
59934.738627	2260798131.531	   0.706	8049
59934.738742	2260798158.931	   0.625	8049
59934.738858	2260798185.231	   0.775	8049
59934.738974	2260798207.131	   0.585	8049
59934.739089	2260798238.532	   0.661	8049
59934.739205	2260798266.232	   0.617	8049
59934.739321	2260798293.732	   0.629	8049
59934.739437	2260798325.932	   0.600	8049
59934.739552	2260798352.732	   0.483	8049
59934.739668	2260798381.433	   0.524	8049
59934.739784	2260798413.533	   0.648	8049
59934.739900	2260798441.133	   0.953	8049
59934.740015	2260798467.633	   0.646	8049
59934.740131	2260798495.533	   0.783	8049
59934.740247	2260798524.033	   0.706	8049
59934.740363	2260798556.234	   0.518	8049
59934.740478	2260798584.234	   0.535	8049
59934.740594	2260798614.434	   0.550	8049
59934.740710	2260798645.434	   0.562	8049
59934.740825	2260798674.334	   0.564	8049
59934.740941	2260798706.635	   0.516	8049
59934.741057	2260798740.135	   0.582	8049
59934.741173	2260798773.335	   0.571	8049
59934.741289	2260798804.835	   0.509	8049
59934.741405	2260798839.836	   0.512	8049
59934.741520	2260798874.236	   0.562	8049
59934.741636	2260798906.236	   0.515	8049
59934.741751	2260798941.036	   0.450	8049
59934.741867	2260798976.937	   0.560	8049
59934.741983	2260799008.437	   0.575	8049
59934.742099	2260799038.837	   0.651	8049
59934.742215	2260799071.437	   0.504	8049
59934.742330	2260799104.537	   0.497	8049
59934.742446	2260799140.238	   0.489	8049
59934.742562	2260799171.838	   0.477	8049
59934.742678	2260799206.738	   0.510	8049
59934.742793	2260799239.638	   0.528	8049
59934.742909	2260799274.838	   0.446	8049
59934.743025	2260799312.339	   0.457	8049
59934.743140	2260799349.139	   0.444	8049
59934.743256	2260799384.639	   0.458	8049
59934.743372	2260799424.239	   0.384	8049
59934.743487	2260799457.940	   0.439	8049
59934.743603	2260799484.940	   0.041	8049
59934.750200	2260801692.355	   0.033	8049
59934.750316	2260801715.955	   0.417	8049
59934.750432	2260801755.555	   0.393	8049
59934.750548	2260801792.855	   0.362	8049
59934.750664	2260801826.656	   0.483	8049
59934.750779	2260801865.556	   0.372	8049
59934.750895	2260801899.056	   0.405	8049
59934.751011	2260801936.656	   0.443	8049
59934.751126	2260801966.856	   0.320	8049
59934.751242	2260802009.057	   0.364	8049
59934.751358	2260802043.657	   0.338	8049
59934.751474	2260802075.757	   0.298	8049
59934.751589	2260802108.557	   0.316	8049
59934.751705	2260802139.858	   0.369	8049
59934.751821	2260802173.058	   0.326	8049
59934.751937	2260802206.258	   0.325	8049
59934.752052	2260802237.258	   0.299	8049
59934.752168	2260802268.958	   0.371	8049
59934.752284	2260802307.759	   0.257	8049
59934.752400	2260802337.859	   0.268	8049
59934.752515	2260802375.559	   0.226	8049
59934.752631	2260802406.459	   0.190	8049
59934.752747	2260802442.760	   0.182	8049
59934.752862	2260802477.160	   0.197	8049
59934.752978	2260802506.760	   0.219	8049
59934.753094	2260802540.660	   0.182	8049
59934.753210	2260802570.260	   0.194	8049
59934.753325	2260802601.661	   0.187	8049
59934.753441	2260802629.961	   0.196	8049
59934.753557	2260802661.661	   0.189	8049
59934.753673	2260802690.461	   0.179	8049
59934.753788	2260802716.561	   0.273	8049
59934.753904	2260802749.462	   0.300	8049
59934.754020	2260802772.962	   0.269	8049
59934.754136	2260802802.562	   0.317	8049
59934.754251	2260802826.562	   0.285	8049
59934.754367	2260802857.062	   0.264	8049
59934.754483	2260802889.663	   0.255	8049
59934.754599	2260802919.163	   0.247	8049
59934.754714	2260802946.463	   0.271	8049
59934.754830	2260802977.363	   0.320	8049
59934.754946	2260803003.863	   0.299	8049
59934.755062	2260803033.064	   0.260	8049
59934.755178	2260803061.364	   0.084	8049
59934.755293	2260803086.164	   0.096	8049
59934.755409	2260803111.964	   0.098	8049
59934.755525	2260803137.164	   0.096	8049
59934.755641	2260803162.764	   0.146	8049
59934.755756	2260803186.965	   0.154	8049
59934.755872	2260803208.765	   0.156	8049
59934.755987	2260803233.965	   0.148	8049
59934.756103	2260803255.965	   0.182	8049
59934.756219	2260803275.165	   0.201	8049
59934.756335	2260803302.565	   0.176	8049
59934.756451	2260803326.166	   0.192	8049
59934.756566	2260803353.666	   0.369	8049
59934.756682	2260803376.766	   0.364	8049
59934.756798	2260803400.766	   0.389	8049
59934.756913	2260803424.066	   0.438	8049
59934.757029	2260803447.366	   0.407	8049
59934.757145	2260803467.966	   0.401	8049
59934.757261	2260803489.167	   0.495	8049
59934.757376	2260803512.467	   0.528	8049
59934.757492	2260803530.467	   0.509	8049
59934.757608	2260803550.067	   0.528	8049
59934.757724	2260803571.167	   0.722	8049
59934.757839	2260803590.767	   0.755	8049
59934.757955	2260803608.867	   0.422	8049
59934.758071	2260803625.768	   0.484	8049
59934.758187	2260803641.268	   0.424	8049
59934.758302	2260803657.768	   0.410	8049
59934.758418	2260803682.568	   0.460	8049
59934.758534	2260803702.268	   0.558	8049
59934.758649	2260803721.768	   0.590	8049
59934.758765	2260803738.268	   0.536	8049
59934.758881	2260803760.168	   0.566	8049
59934.758997	2260803776.469	   0.588	8049
59934.759113	2260803793.069	   0.781	8049
59934.759228	2260803810.069	   1.011	8049
59934.759344	2260803826.669	   1.071	8049
59934.759460	2260803843.469	   1.244	8049
59934.759575	2260803857.569	   1.399	8049
59934.759691	2260803873.069	   1.276	8049
59934.759807	2260803888.769	   1.268	8049
59934.759923	2260803900.669	   1.384	8049
59934.760038	2260803913.569	   1.451	8049
59934.760154	2260803928.270	   1.487	8049
59934.760270	2260803937.170	   1.463	8049
59934.760386	2260803953.370	   1.102	8049
59934.760501	2260803968.870	   1.151	8049
59934.760617	2260803985.670	   1.363	8049
59934.760733	2260804000.070	   1.730	8049
59934.760849	2260804013.270	   1.253	8049
59934.760964	2260804025.870	   1.592	8049
59934.761080	2260804041.470	   1.358	8049
59934.761196	2260804051.670	   1.820	8049
59934.761312	2260804064.870	   2.103	8049
59934.761427	2260804076.571	   1.971	8049
59934.761543	2260804087.571	   2.118	8049
59934.761659	2260804097.071	   2.263	8049
59934.761775	2260804109.271	   1.880	8049
59934.761890	2260804119.171	   2.380	8049
59934.762006	2260804128.871	   1.960	8049
59934.762122	2260804136.371	   2.380	8049
59934.762237	2260804144.971	   2.782	8049
59934.762353	2260804153.171	   2.721	8049
59934.762469	2260804161.071	   2.722	8049
59934.762585	2260804171.671	   1.780	8049
59934.762701	2260804182.571	   1.647	8049
59934.762816	2260804193.171	   2.494	8049
59934.762932	2260804203.471	   2.221	8049
59934.763048	2260804213.071	   2.341	8049
59934.763164	2260804222.571	   1.945	8049
59934.763279	2260804230.472	   2.405	8049
59934.763395	2260804239.172	   2.798	8049
59934.763511	2260804246.972	   2.779	8049
59934.763627	2260804665.174	   3.547	8049
59934.763742	2260804670.574	   3.184	8049
59934.763858	2260804678.675	   2.547	8049
59934.763974	2260804687.575	   2.613	8049
59934.764089	2260804692.375	   3.792	8049
59934.764205	2260804699.775	   4.547	8049
59934.764321	2260804706.575	   5.633	8049
59934.764437	2260804711.175	   3.317	8049
59934.764552	2260804716.575	   6.034	8049
59934.764668	2260804723.375	   4.402	8049
59934.764784	2260804729.275	   2.371	8049
59934.764900	2260804734.775	   6.043	8049
59934.765015	2260804739.175	   4.911	8049
59934.765131	2260804741.975	   2.369	8049
59934.765247	2260804747.075	   4.348	8049
59934.765362	2260804752.475	   2.343	8049
59934.765478	2260804756.475	   3.477	8049
59934.765594	2260804760.175	   6.110	8049
59934.765710	2260804765.575	   3.765	8049
59934.765826	2260804767.575	   2.819	8049
59934.765941	2260804772.475	   3.336	8049
59934.766057	2260804774.675	   2.568	8049
59934.766173	2260804779.075	   3.105	8049
59934.766288	2260804781.175	   2.021	8049
59934.766404	2260804784.375	   8.748	8049
59934.766520	2260804787.175	   4.583	8049
59934.766636	2260804790.075	   6.586	8049
59934.766751	2260804791.875	   3.873	8049
59934.766867	2260804794.575	   7.030	8049
59934.766983	2260804796.375	  14.353	8049
59934.767099	2260804797.575	   9.229	8049
59934.767214	2260804800.775	   7.654	8049
59934.767330	2260804801.775	   5.673	8049
59934.767446	2260804803.675	   8.841	8049
59934.767562	2260804805.775	  14.590	8049
59934.767677	2260804806.875	  10.590	8049
59934.767793	2260804807.975	  20.364	8049
59934.767909	2260804807.775	  16.494	8049
59934.768025	2260804808.475	  14.910	8049
59934.768140	2260804810.175	   7.638	8049
59934.768256	2260804809.875	   9.614	8049
59934.768372	2260804810.375	  10.154	8049
59934.768488	2260804810.575	   8.827	8049
59934.768603	2260804810.375	  13.624	8049
59934.768719	2260804809.875	  12.836	8049
59934.768835	2260804809.575	   7.313	8049
59934.768951	2260804809.275	  17.122	8049
59934.769066	2260804809.575	   5.676	8049
59934.769182	2260804808.275	  13.450	8049
59934.769298	2260804807.575	   8.904	8049
59934.769414	2260804806.175	   7.853	8049
59934.769529	2260804805.075	  11.540	8049
59934.769645	2260804804.175	  11.437	8049
59934.769761	2260804801.575	   9.705	8049
59934.769876	2260804799.775	   9.276	8049
59934.769992	2260804797.475	   5.964	8049
59934.770108	2260804797.375	   9.555	8049
59934.770224	2260804795.275	   8.120	8049
59934.770339	2260804793.775	   5.167	8049
59934.770455	2260804791.375	  17.146	8049
59934.770571	2260804790.375	   5.957	8049
59934.770687	2260804787.375	  13.272	8049
59934.770802	2260804784.975	   7.414	8049
59934.770918	2260804782.375	  14.876	8049
59934.771034	2260804778.475	  18.657	8049
59934.771150	2260804776.875	   8.250	8049
59934.771265	2260804772.975	  10.964	8049
59934.771381	2260804770.575	   8.492	8049
59934.771497	2260804767.175	   7.608	8049
59934.771613	2260804764.175	   7.628	8049
59934.771728	2260804762.175	   9.512	8049
59934.771844	2260804758.175	  14.516	8049
59934.771960	2260804754.275	   7.318	8049
59934.772076	2260804750.575	   4.722	8049
59934.772191	2260804746.975	  14.579	8049
59934.772307	2260804742.775	   7.345	8049
59934.772423	2260804740.575	  12.727	8049
59934.772538	2260804736.575	  11.606	8049
59934.772654	2260804731.375	  10.634	8049
59934.772770	2260804727.275	   6.338	8049
59934.772886	2260804723.875	   6.035	8049
59934.773001	2260804718.775	   7.541	8049
59934.773117	2260804714.975	  14.665	8049
59934.773233	2260804708.975	   9.063	8049
59934.773349	2260804705.275	  11.132	8049
59934.773464	2260804700.075	   6.264	8049
59934.773580	2260804694.775	   3.042	8049
59934.773696	2260804691.175	  10.553	8049
59934.773812	2260804685.575	   4.818	8049
59934.773928	2260804681.875	   3.905	8049
59934.774043	2260804677.175	   5.395	8049
59934.774159	2260804670.474	   5.147	8049
59934.774275	2260804666.074	   9.968	8049
59934.774390	2260804660.174	   3.960	8049
59934.774506	2260804653.874	   6.596	8049
59934.774622	2260804649.774	   7.955	8049
59934.774737	2260804645.174	   6.390	8049
59934.774853	2260804639.874	   6.317	8049
59934.774969	2260804633.474	   4.689	8049
59934.775085	2260804625.474	   3.656	8049
59934.775200	2260804621.874	   4.093	8049
59934.775432	2260804193.471	   2.571	8049
59934.775548	2260804186.771	   3.440	8049
59934.775663	2260804182.271	   2.377	8049
59934.775779	2260804175.371	   3.080	8049
59934.775895	2260804169.871	   2.337	8049
59934.776011	2260804163.371	   3.850	8049
59934.776126	2260804156.571	   2.950	8049
59934.776242	2260804149.871	   2.250	8049
59934.776358	2260804142.571	   2.210	8049
59934.776474	2260804137.671	   1.959	8049
59934.776589	2260804129.671	   2.580	8049
59934.776705	2260804122.671	   1.403	8049
59934.776821	2260804115.771	   3.795	8049
59934.776937	2260804107.671	   1.734	8049
59934.777052	2260804100.271	   2.014	8049
59934.777168	2260804092.471	   1.594	8049
59934.777284	2260804084.471	   1.440	8049
59934.777400	2260804077.571	   1.812	8049
59934.777515	2260804068.870	   1.792	8049
59934.777631	2260804061.570	   2.210	8049
59934.777747	2260804053.770	   2.410	8049
59934.777863	2260804045.370	   1.970	8049
59934.777978	2260804036.470	   1.814	8049
59934.778094	2260804025.770	   2.325	8049
59934.778210	2260804020.470	   4.817	8049
59934.778325	2260804014.570	   2.206	8049
59934.778441	2260804007.170	   1.824	8049
59934.778557	2260804000.470	   2.747	8049
59934.778673	2260803993.570	   2.618	8049
59934.778788	2260803986.970	   1.961	8049
59934.778904	2260803979.770	   1.921	8049
59934.779020	2260803972.570	   1.973	8049
59934.779136	2260803965.470	   2.841	8049
59934.779252	2260803958.570	   2.789	8049
59934.779367	2260803950.470	   2.110	8049
59934.779599	2260803935.570	   2.411	8049
59934.779714	2260803927.470	   3.035	8049
59934.779830	2260803918.669	   2.417	8049
59934.779946	2260803912.169	   2.955	8049
59934.780062	2260803902.569	   2.199	8049
59934.780177	2260803894.369	   2.562	8049
59934.780293	2260803887.469	   2.065	8049
59934.780409	2260803878.669	   2.550	8049
59934.780525	2260803870.869	   2.711	8049
59934.780640	2260803861.069	   2.506	8049
59934.780756	2260803852.869	   3.003	8049
59934.780872	2260803843.869	   2.209	8049
59934.780987	2260803835.469	   2.074	8049
59934.781103	2260803826.369	   2.145	8049
59934.781219	2260803817.669	   2.205	8049
59934.781335	2260803808.269	   3.521	8049
59934.781450	2260803798.469	   2.366	8049
59934.781566	2260803790.069	   2.448	8049
59934.781682	2260803780.269	   2.311	8049
59934.781798	2260803771.168	   2.256	8049
59934.781913	2260803761.868	   1.728	8049
59934.782029	2260803751.768	   2.016	8049
59934.782145	2260803741.268	   2.139	8049
59934.782261	2260803731.868	   2.872	8049
59934.782376	2260803723.368	   2.031	8049
59934.782492	2260803712.668	   1.872	8049
59934.782608	2260803701.968	   2.219	8049
59934.782724	2260803692.468	   2.458	8049
59934.782839	2260803682.368	   2.200	8049
59934.782955	2260803673.368	   2.410	8049
59934.783071	2260803665.268	   2.246	8049
59934.783187	2260803658.068	   2.403	8049
59934.783302	2260803647.768	   2.692	8049
59934.783418	2260803639.968	   2.238	8049
59934.783534	2260803629.868	   2.624	8049
59934.783650	2260803620.567	   2.643	8049
59934.783765	2260803613.867	   2.028	8049
59934.783881	2260803603.267	   2.544	8049
59934.783997	2260803594.767	   2.158	8049
59934.784113	2260803586.067	   3.350	8049
59934.784228	2260803577.367	   2.400	8049
59934.784344	2260803567.967	   3.451	8049
59934.784460	2260803559.167	   2.680	8049
59934.784575	2260803550.567	   3.216	8049
59934.784691	2260803540.167	   2.868	8049
59934.784807	2260803531.167	   2.663	8049
59934.784923	2260803522.167	   2.228	8049
59934.785038	2260803512.367	   3.068	8049
59934.785154	2260803501.767	   1.927	8049
59934.785270	2260803493.467	   2.582	8049
59934.785386	2260803483.667	   1.674	8049
59934.785501	2260803472.966	   2.176	8049
59934.785617	2260803464.266	   1.865	8049
59934.785733	2260803452.766	   1.579	8049
59934.785849	2260803442.966	   1.827	8049
59934.785964	2260803434.166	   1.398	8049
59934.786080	2260803424.266	   1.984	8049
59934.786196	2260803414.766	   2.704	8049
59934.786312	2260803403.466	   2.489	8049
59934.786427	2260803393.266	   2.211	8049
59934.786543	2260803382.166	   3.251	8049
59934.786659	2260803373.266	   3.287	8049
59934.786775	2260803362.866	   2.462	8049
59934.786890	2260803352.166	   2.352	8049
59934.787006	2260803341.666	   2.169	8049
59934.787122	2260803330.966	   3.552	8049
59934.787237	2260803320.665	   2.362	8049
59934.787353	2260803310.065	   2.181	8049
59934.787469	2260803299.665	   1.801	8049
59934.787585	2260803289.065	   1.649	8049
59934.787701	2260803278.465	   1.943	8049
59934.787816	2260803267.065	   2.176	8049
59934.787932	2260803254.865	   1.631	8049
59934.788048	2260803245.065	   2.170	8049
59934.788163	2260803234.465	   1.993	8049
59934.788279	2260803223.065	   1.894	8049
59934.788395	2260803212.665	   2.365	8049
59934.788511	2260803200.665	   1.779	8049
59934.788626	2260803190.365	   1.922	8049
59934.788742	2260803179.665	   1.788	8049
59934.788858	2260803167.664	   1.301	8049
59934.788974	2260803158.164	   1.868	8049
59934.789089	2260803148.464	   1.941	8049
59934.789205	2260803137.064	   1.509	8049
59934.789321	2260803128.764	   1.894	8049
59934.789437	2260803117.864	   2.429	8049
59934.789552	2260803106.964	   1.762	8049
59934.789668	2260803097.964	   2.168	8049
59934.789784	2260803087.764	   1.613	8049
59934.789900	2260803078.264	   1.832	8049
59934.790015	2260803068.864	   2.059	8049
59934.790131	2260803057.964	   2.032	8049
59934.790247	2260803046.064	   1.829	8049
59934.790363	2260803035.864	   1.964	8049
59934.790478	2260803026.664	   2.616	8049
59934.790594	2260803017.463	   1.784	8049
59934.790710	2260803006.463	   1.879	8049
59934.790825	2260802995.763	   1.612	8049
59934.790941	2260802983.663	   2.050	8049
59934.791057	2260802973.463	   1.847	8049
59934.791173	2260802965.163	   1.880	8049
59934.791288	2260802953.663	   1.961	8049
59934.791404	2260802942.863	   2.567	8049
59934.791520	2260802932.863	   1.771	8049
59934.791636	2260802921.763	   1.897	8049
59934.791752	2260802910.863	   1.954	8049
59934.791867	2260802901.763	   1.688	8049
59934.791983	2260802889.063	   1.969	8049
59934.792099	2260802878.463	   1.828	8049
59934.792214	2260802868.662	   1.623	8049
59934.792330	2260802857.762	   1.785	8049
59934.792446	2260802847.462	   1.844	8049
59934.792562	2260802835.762	   2.265	8049
59934.792677	2260802824.762	   1.758	8049
59934.792793	2260802812.962	   1.696	8049
59934.792909	2260802803.762	   1.959	8049
59934.793025	2260802791.662	   2.567	8049
59934.793140	2260802781.262	   1.885	8049
59934.793256	2260802769.262	   2.442	8049
59934.793372	2260802758.562	   2.620	8049
59934.793488	2260802748.162	   1.731	8049
59934.793603	2260802736.562	   1.678	8049
59934.793719	2260802723.961	   2.275	8049
59934.793835	2260802714.761	   1.610	8049
59934.793950	2260802702.061	   2.844	8049
59934.794066	2260802690.861	   1.483	8049
59934.794182	2260802679.161	   2.397	8049
59934.794298	2260802667.661	   2.333	8049
59934.794414	2260802658.761	   1.439	8049
59934.794529	2260802644.561	   1.600	8049
59934.794645	2260802634.661	   1.223	8049
59934.794761	2260802622.661	   1.884	8049
59934.794876	2260802610.861	   1.564	8049
59934.794992	2260802599.261	   1.463	8049
59934.795108	2260802587.761	   1.211	8049
59934.795224	2260802576.561	   1.129	8049
59934.795339	2260802566.460	   1.527	8049
59934.795455	2260802553.760	   2.030	8049
59934.795571	2260802543.060	   1.418	8049
59934.795687	2260802529.860	   1.599	8049
59934.795802	2260802518.260	   2.102	8049
59934.795918	2260802508.160	   1.600	8049
59934.796034	2260802496.260	   2.568	8049
59934.796149	2260802483.860	   2.063	8049
59934.796265	2260802472.860	   2.465	8049
59934.796381	2260802460.160	   2.131	8049
59934.796497	2260802448.560	   2.232	8049
59934.796613	2260802436.660	   2.266	8049
59934.796728	2260802426.260	   1.766	8049
59934.796844	2260802412.459	   1.970	8049
59934.796960	2260802401.659	   1.826	8049
59934.797075	2260802391.959	   1.872	8049
59934.797191	2260802379.559	   2.013	8049
59934.797307	2260802368.559	   1.653	8049
59934.797423	2260802358.259	   2.382	8049
59934.797538	2260802346.459	   1.909	8049
59934.797654	2260802335.359	   2.050	8049
59934.797770	2260802326.559	   2.003	8049
59934.797886	2260802315.659	   1.904	8049
59934.798001	2260802303.559	   2.191	8049
59934.798117	2260802294.059	   1.726	8049
59934.798233	2260802282.159	   2.018	8049
59934.798349	2260802270.258	   1.909	8049
59934.798464	2260802259.458	   1.752	8049
59934.798580	2260802247.858	   2.363	8049
59934.798696	2260802238.158	   1.855	8049
59934.798812	2260802227.158	   2.535	8049
59934.798927	2260802216.058	   2.951	8049
59934.799043	2260802204.058	   2.549	8049
59934.799159	2260802192.958	   2.615	8049
59934.799275	2260802181.358	   2.145	8049
59934.799390	2260802170.458	   2.580	8049
59934.799506	2260802160.558	   2.091	8049
59934.799622	2260802148.358	   2.815	8049
59934.799737	2260802138.458	   1.975	8049
59934.799853	2260802126.858	   2.270	8049
59934.799969	2260802113.957	   2.427	8049
59934.800085	2260802104.157	   1.848	8049
59934.800200	2260802091.457	   1.768	8049
59934.800316	2260802080.257	   1.866	8049
59934.800432	2260802068.957	   2.351	8049
59934.800548	2260802057.657	   1.946	8049
59934.800664	2260802045.457	   1.401	8049
59934.800779	2260802035.757	   1.582	8049
59934.800895	2260802023.957	   1.788	8049
59934.801011	2260802012.157	   1.572	8049
59934.801126	2260802000.757	   1.822	8049
59934.801242	2260801988.457	   1.397	8049
59934.801358	2260801978.957	   1.853	8049
59934.801474	2260801966.556	   1.970	8049
59934.801589	2260801954.256	   1.823	8049
59934.801705	2260801943.856	   1.675	8049
59934.801821	2260801932.256	   1.444	8049
59934.801937	2260801920.756	   1.364	8049
59934.802052	2260801907.356	   1.428	8049
59934.802168	2260801896.456	   1.410	8049
59934.802284	2260801886.256	   1.270	8049
59934.802400	2260801873.356	   1.762	8049
59934.802515	2260801863.156	   1.213	8049
59934.802631	2260801850.456	   0.999	8049
59934.802747	2260801840.156	   1.303	8049
59934.802863	2260801828.756	   1.146	8049
59934.802978	2260801815.055	   1.296	8049
59934.803094	2260801803.255	   1.047	8049
59934.803210	2260801791.955	   1.226	8049
59934.803326	2260801779.655	   0.939	8049
59934.803441	2260801768.555	   0.973	8049
59934.803557	2260801756.255	   1.029	8049
59934.803673	2260801744.655	   0.799	8049
59934.803788	2260801734.055	   0.869	8049
59934.803904	2260801722.655	   0.817	8049
59934.804020	2260801711.255	   0.711	8049
59934.804136	2260801697.355	   0.752	8049
59934.804251	2260801687.555	   0.682	8049
59934.804367	2260801674.054	   0.745	8049
59934.804483	2260801662.154	   0.725	8049
59934.804599	2260801652.254	   0.611	8049
59934.804714	2260801638.554	   0.492	8049
59934.804830	2260801626.754	   0.560	8049
59934.804946	2260801615.854	   0.586	8049
59934.805062	2260801601.954	   0.505	8049
59934.805177	2260801591.154	   0.543	8049
59934.805293	2260801579.754	   0.499	8049
59934.805409	2260801567.254	   0.823	8049
59934.805525	2260801556.654	   0.468	8049
59934.805640	2260801543.854	   0.643	8049
59934.805756	2260801530.354	   0.610	8049
59934.805872	2260801519.653	   0.819	8049
59934.805988	2260801507.553	   0.469	8049
59934.806103	2260801495.353	   0.542	8049
59934.806219	2260801482.253	   0.584	8049
59934.806335	2260801472.353	   0.560	8049
59934.806451	2260801459.153	   0.477	8049
59934.806566	2260801447.253	   0.546	8049
59934.806682	2260801434.153	   0.548	8049
59934.806798	2260801422.253	   0.459	8049
59934.806913	2260801410.653	   0.455	8049
59934.807029	2260801399.053	   0.612	8049
59934.807145	2260801387.253	   0.362	8049
59934.807261	2260801373.852	   0.398	8049
59934.807376	2260801362.352	   0.484	8049
59934.807492	2260801349.652	   0.523	8049
59934.807608	2260801337.852	   0.482	8049
59934.807724	2260801326.152	   0.578	8049
59934.807840	2260801314.952	   0.468	8049
59934.807955	2260801303.152	   0.656	8049
59934.808071	2260801291.252	   0.753	8049
59934.808187	2260801281.252	   0.596	8049
59934.808302	2260801270.152	   0.635	8049
59934.808418	2260801258.352	   0.619	8049
59934.808534	2260801246.652	   0.527	8049
59934.808650	2260801234.952	   0.420	8049
59934.808765	2260801224.851	   0.552	8049
59934.808881	2260801211.451	   0.599	8049
59934.808997	2260801201.351	   0.564	8049
59934.809113	2260801188.051	   0.467	8049
59934.809228	2260801175.651	   0.584	8049
59934.809344	2260801165.651	   0.648	8049
59934.809460	2260801153.851	   0.603	8049
59934.809576	2260801142.351	   0.527	8049
59934.809691	2260801132.151	   0.583	8049
59934.809807	2260801120.651	   0.513	8049
59934.809923	2260801107.851	   0.696	8049
59934.810039	2260801094.851	   0.519	8049
59934.810154	2260801084.951	   0.751	8049
59934.810270	2260801073.650	   0.699	8049
59934.810386	2260801060.850	   0.553	8049
59934.810502	2260801048.750	   0.523	8049
59934.810617	2260801037.350	   0.577	8049
59934.810733	2260801026.150	   0.517	8049
59934.810849	2260801014.150	   0.602	8049
59934.810964	2260801002.550	   0.586	8049
59934.811080	2260800992.250	   0.643	8049
59934.811196	2260800980.550	   0.496	8049
59934.811312	2260800968.150	   0.596	8049
59934.811427	2260800956.450	   0.442	8049
59934.811543	2260800943.750	   0.401	8049
59934.811659	2260800933.550	   0.608	8049
59934.811775	2260800920.049	   0.445	8049
59934.811890	2260800909.749	   0.502	8049
59934.812006	2260800898.249	   0.467	8049
59934.812122	2260800884.949	   0.484	8049
59934.812237	2260800873.549	   0.558	8049
59934.812353	2260800863.149	   0.425	8049
59934.812469	2260800851.549	   0.398	8049
59934.812585	2260800840.349	   0.373	8049
59934.812700	2260800827.249	   0.431	8049
59934.812816	2260800815.749	   0.474	8049
59934.812932	2260800802.449	   0.508	8049
59934.813048	2260800792.449	   0.384	8049
59934.813163	2260800780.649	   0.536	8049
59934.813279	2260800768.248	   0.470	8049
59934.813395	2260800755.048	   0.555	8049
59934.813511	2260800742.948	   0.557	8049
59934.813626	2260800731.748	   0.432	8049
59934.813742	2260800720.548	   0.492	8049
59934.813858	2260800707.748	   0.651	8049
59934.813974	2260800695.648	   0.414	8049
59934.814089	2260800684.548	   0.595	8049
59934.814205	2260800671.548	   0.605	8049
59934.814321	2260800660.848	   0.586	8049
59934.814437	2260800648.148	   0.508	8049
59934.814552	2260800635.948	   0.544	8049
59934.814668	2260800624.747	   0.674	8049
59934.814784	2260800612.047	   0.618	8049
59934.814900	2260800599.747	   0.586	8049
59934.815015	2260800588.547	   0.519	8049
59934.815131	2260800577.147	   0.558	8049
59934.815247	2260800563.647	   0.602	8049
59934.815363	2260800553.247	   0.426	8049
59934.815478	2260800539.447	   0.546	8049
59934.815594	2260800527.247	   0.456	8049
59934.815710	2260800516.247	   0.578	8049
59934.815826	2260800502.547	   0.390	8049
59934.815941	2260800491.547	   0.422	8049
59934.816057	2260800480.347	   0.452	8049
59934.816173	2260800467.546	   0.462	8049
59934.816288	2260800456.346	   0.467	8049
59934.816404	2260800443.546	   0.500	8049
59934.816520	2260800430.846	   0.443	8049
59934.816636	2260800420.146	   0.534	8049
59934.816751	2260800407.646	   0.402	8049
59934.816867	2260800396.746	   0.341	8049
59934.816983	2260800384.246	   0.291	8049
59934.817099	2260800370.846	   0.365	8049
59934.817214	2260800359.046	   0.333	8049
59934.817330	2260800346.746	   0.271	8049
59934.817446	2260800335.246	   0.294	8049
59934.817562	2260800323.445	   0.318	8049
59934.817677	2260800310.745	   0.396	8049
59934.817793	2260800298.045	   0.321	8049
59934.817909	2260800286.745	   0.421	8049
59934.818025	2260800273.445	   0.312	8049
59934.818140	2260800260.945	   0.317	8049
59934.818256	2260800249.245	   0.295	8049
59934.818372	2260800236.545	   0.280	8049
59934.818487	2260800223.745	   0.281	8049
59934.818603	2260800211.545	   0.278	8049
59934.818719	2260800199.745	   0.287	8049
59934.818835	2260800187.845	   0.262	8049
59934.818950	2260800174.944	   0.246	8049
59934.819066	2260800164.244	   0.267	8049
59934.819182	2260800152.344	   0.212	8049
59934.819298	2260800138.844	   0.298	8049
59934.819413	2260800126.144	   0.243	8049
59934.819529	2260800114.844	   0.223	8049
59934.819645	2260800101.044	   0.248	8049
59934.819761	2260800088.544	   0.216	8049
59934.819876	2260800076.944	   0.247	8049
59934.819992	2260800064.344	   0.272	8049
59934.820108	2260800051.644	   0.241	8049
59934.820224	2260800038.844	   0.215	8049
59934.820339	2260800027.644	   0.266	8049
59934.820455	2260800014.743	   0.202	8049
59934.820571	2260800002.343	   0.242	8049
59934.820687	2260799991.543	   0.272	8049
59934.820802	2260799978.643	   0.266	8049
59934.820918	2260799967.043	   0.233	8049
59934.821034	2260799956.643	   0.289	8049
59934.821150	2260799945.643	   0.162	8049
59934.821266	2260799931.143	   0.139	8049
59934.821381	2260799922.243	   0.122	8049
59934.821497	2260799909.043	   0.118	8049
59934.821613	2260799897.943	   0.145	8049
59934.821728	2260799885.443	   0.115	8049
59934.821844	2260799875.243	   0.092	8049
59934.821960	2260799861.442	   0.100	8049
59934.822075	2260799848.442	   0.081	8049
59934.822191	2260799838.942	   0.078	8049
59934.822307	2260799826.442	   0.077	8049
59934.822423	2260799815.742	   0.099	8049
59934.822538	2260799802.642	   0.318	8049
59934.822654	2260799790.042	   0.287	8049
59934.822770	2260799779.942	   0.273	8049
59934.822886	2260799767.742	   0.203	8049
59934.823001	2260799756.642	   0.199	8049
59934.823117	2260799742.442	   0.207	8049
59934.823233	2260799731.042	   0.173	8049
59934.823349	2260799720.241	   0.191	8049
59934.823464	2260799708.741	   0.249	8049
59934.823580	2260799696.241	   0.188	8049
59934.823696	2260799684.341	   0.165	8049
59934.823812	2260799672.641	   0.223	8049
59934.823927	2260799660.341	   0.221	8049
59934.824043	2260799648.541	   0.241	8049
59934.824159	2260799635.841	   0.212	8049
59934.824275	2260799624.241	   0.201	8049
59934.824391	2260799612.441	   0.234	8049
59934.824506	2260799600.341	   0.255	8049
59934.824622	2260799587.541	   0.248	8049
59934.824737	2260799576.141	   0.321	8049
59934.824853	2260799565.340	   0.317	8049
59934.824969	2260799551.540	   0.257	8049
59934.825085	2260799540.940	   0.243	8049
59934.825200	2260799528.240	   0.247	8049
59934.825316	2260799516.640	   0.220	8049
59934.825432	2260799504.940	   0.212	8049
59934.825548	2260799493.040	   0.180	8049
59934.825663	2260799479.940	   0.218	8049
59934.825779	2260799468.440	   0.217	8049
59934.825895	2260799456.840	   0.321	8049
59934.826011	2260799443.640	   0.194	8049
59934.826127	2260799431.640	   0.236	8049
59934.826242	2260799418.839	   0.247	8049
59934.826358	2260799408.439	   0.317	8049
59934.826474	2260799395.139	   0.236	8049
59934.826589	2260799383.639	   0.241	8049
59934.826705	2260799371.939	   0.309	8049
59934.826821	2260799361.139	   0.303	8049
59934.826937	2260799347.339	   0.287	8049
59934.827052	2260799335.139	   0.338	8049
59934.827168	2260799323.239	   0.318	8049
59934.827284	2260799310.239	   0.343	8049
59934.827400	2260799297.339	   0.317	8049
59934.827515	2260799286.839	   0.275	8049
59934.827631	2260799271.938	   0.212	8049
59934.827747	2260799263.138	   0.217	8049
59934.827862	2260799249.638	   0.257	8049
59934.827978	2260799237.338	   0.296	8049
59934.828094	2260799226.338	   0.333	8049
59934.828210	2260799212.938	   0.255	8049
59934.828325	2260799200.638	   0.358	8049
59934.828441	2260799187.338	   0.242	8049
59934.828557	2260799176.438	   0.233	8049
59934.828673	2260799164.138	   0.360	8049
59934.828789	2260799152.338	   0.291	8049
59934.828904	2260799140.338	   0.280	8049
59934.829020	2260799127.938	   0.328	8049
59934.829136	2260799115.637	   0.414	8049
59934.829251	2260799102.737	   0.310	8049
59934.829367	2260799090.237	   0.380	8049
59934.829483	2260799077.237	   0.351	8049
59934.829599	2260799066.437	   0.371	8049
59934.829714	2260799054.137	   0.306	8049
59934.829830	2260799040.837	   0.468	8049
59934.829946	2260799029.337	   0.346	8049
59934.830062	2260799016.737	   0.382	8049
59934.830177	2260799003.737	   0.348	8049
59934.830293	2260798991.737	   0.429	8049
59934.830409	2260798978.637	   0.429	8049
59934.830525	2260798967.036	   0.327	8049
59934.830640	2260798953.336	   0.375	8049
59934.830756	2260798942.036	   0.396	8049
59934.830872	2260798929.536	   0.378	8049
59934.830988	2260798917.236	   0.441	8049
59934.831103	2260798905.136	   0.370	8049
59934.831219	2260798892.236	   0.379	8049
59934.831335	2260798880.436	   0.504	8049
59934.831450	2260798867.436	   0.369	8049
59934.831566	2260798854.536	   0.454	8049
59934.831682	2260798841.136	   0.457	8049
59934.831798	2260798830.036	   0.366	8049
59934.831913	2260798817.335	   0.427	8049
59934.832029	2260798803.935	   0.417	8049
59934.832145	2260798793.035	   0.485	8049
59934.832261	2260798778.535	   0.338	8049
59934.832376	2260798768.135	   0.372	8049
59934.832492	2260798756.535	   0.466	8049
59934.832608	2260798742.935	   0.485	8049
59934.832724	2260798730.935	   0.596	8049
59934.832839	2260798716.935	   0.588	8049
59934.832955	2260798703.735	   0.447	8049
59934.833071	2260798692.335	   0.466	8049
59934.833187	2260798680.835	   0.471	8049
59934.833302	2260798667.434	   0.517	8049
59934.833418	2260798655.334	   0.599	8049
59934.833534	2260798642.634	   0.494	8049
59934.833650	2260798630.334	   0.547	8049
59934.833765	2260798617.634	   0.149	8049
59934.833881	2260798605.134	   0.130	8049
59934.833997	2260798590.934	   0.146	8049
59934.834112	2260798579.134	   0.165	8049
59934.834228	2260798567.834	   0.131	8049
59934.834344	2260798555.434	   0.139	8049
59934.834460	2260798542.934	   0.200	8049
59934.834576	2260798529.834	   0.187	8049
59934.834691	2260798519.533	   0.151	8049
59934.834807	2260798508.133	   0.127	8049
59934.834923	2260798493.233	   0.130	8049
59934.835038	2260798481.933	   0.145	8049
59934.835154	2260798471.733	   0.268	8049
59934.835270	2260798458.033	   0.210	8049
59934.835386	2260798447.833	   0.180	8049
59934.835501	2260798435.533	   0.224	8049
59934.835617	2260798422.633	   0.244	8049
59934.835733	2260798409.533	   0.250	8049
59934.835849	2260798397.533	   0.181	8049
59934.835964	2260798385.533	   0.268	8049
59934.836080	2260798374.232	   0.231	8049
59934.836196	2260798362.832	   0.183	8049
59934.836312	2260798350.032	   0.239	8049
59934.836427	2260798338.032	   0.156	8049
59934.836543	2260798325.632	   0.339	8049
59934.836659	2260798313.332	   0.401	8049
59934.836775	2260798302.032	   0.342	8049
59934.836890	2260798288.732	   0.356	8049
59934.837006	2260798276.832	   0.327	8049
59934.837122	2260798265.332	   0.304	8049
59934.837237	2260798253.132	   0.293	8049
59934.837353	2260798240.232	   0.250	8049
59934.837469	2260798228.232	   0.297	8049
59934.837585	2260798216.031	   0.271	8049
59934.837700	2260798204.931	   0.297	8049
59934.837816	2260798191.431	   0.222	8049
59934.837932	2260798178.431	   0.182	8049
59934.838048	2260798167.431	   0.205	8049
59934.838164	2260798155.731	   0.267	8049
59934.838279	2260798143.431	   0.245	8049
59934.838395	2260798131.731	   0.159	8049
59934.838511	2260798120.431	   0.159	8049
59934.838626	2260798106.131	   0.219	8049
59934.838742	2260798094.431	   0.268	8049
59934.838858	2260798082.331	   0.181	8049
59934.838974	2260798069.930	   0.236	8049
59934.839089	2260798058.030	   0.199	8049
59934.839205	2260798045.530	   0.196	8049
59934.839321	2260798034.130	   0.187	8049
59934.839437	2260798020.630	   0.227	8049
59934.839552	2260798008.930	   0.175	8049
59934.839668	2260797998.030	   0.233	8049
59934.839784	2260797983.830	   0.157	8049
59934.839900	2260797972.330	   0.158	8049
59934.840015	2260797959.930	   0.156	8049
59934.840131	2260797947.630	   0.185	8049
59934.840247	2260797935.230	   0.188	8049
59934.840362	2260797922.729	   0.144	8049
59934.840478	2260797910.229	   0.138	8049
59934.840594	2260797899.029	   0.123	8049
59934.840710	2260797886.529	   0.131	8049
59934.840825	2260797873.929	   0.102	8049
59934.840941	2260797862.329	   0.108	8049
59934.841057	2260797848.029	   0.122	8049
59934.841173	2260797837.129	   0.105	8049
59934.841288	2260797824.329	   0.104	8049
59934.841404	2260797813.529	   0.088	8049
59934.841520	2260797800.329	   0.098	8049
59934.841636	2260797788.129	   0.089	8049
59934.841751	2260797774.929	   0.128	8049
59934.841867	2260797763.928	   0.127	8049
59934.841983	2260797751.328	   0.101	8049
59934.842099	2260797739.728	   0.090	8049
59934.842214	2260797728.128	   0.071	8049
59934.842330	2260797714.828	   0.067	8049
59934.842446	2260797700.128	   0.072	8049
59934.842562	2260797689.828	   0.076	8049
59934.842677	2260797675.428	   0.063	8049
59934.842793	2260797663.728	   0.094	8049
59934.842909	2260797651.328	   0.071	8049
59934.843024	2260797639.428	   0.079	8049
59934.843140	2260797628.028	   0.081	8049
59934.843256	2260797614.627	   0.143	8049
59934.843372	2260797602.227	   0.109	8049
59934.843488	2260797590.427	   0.094	8049
59934.843603	2260797578.027	   0.142	8049
59934.843719	2260797564.927	   0.133	8049
59934.843835	2260797552.527	   0.118	8049
59934.843950	2260797540.727	   0.150	8049
59934.844066	2260797527.827	   0.148	8049
59934.844182	2260797514.927	   0.138	8049
59934.844298	2260797504.027	   0.161	8049
59934.844413	2260797490.727	   0.206	8049
59934.844529	2260797477.627	   0.153	8049
59934.844645	2260797465.026	   0.123	8049
59934.844761	2260797453.426	   0.120	8049
59934.844876	2260797441.726	   0.189	8049
59934.844992	2260797430.426	   0.090	8049
59934.845108	2260797416.126	   0.084	8049
59934.845224	2260797404.026	   0.125	8049
59934.845339	2260797391.026	   0.118	8049
59934.845455	2260797380.626	   0.105	8049
59934.845571	2260797366.926	   0.099	8049
59934.845687	2260797353.826	   0.115	8049
59934.845802	2260797341.026	   0.102	8049
59934.845918	2260797329.626	   0.132	8049
59934.846034	2260797318.125	   0.118	8049
59934.846150	2260797307.125	   0.129	8049
59934.846265	2260797291.725	   0.116	8049
59934.846381	2260797280.625	   0.141	8049
59934.846497	2260797269.725	   0.131	8049
59934.846613	2260797256.225	   0.119	8049
59934.846728	2260797244.325	   0.152	8049
59934.846844	2260797232.325	   0.125	8049
59934.846960	2260797218.825	   0.133	8049
59934.847076	2260797205.525	   0.143	8049
59934.847191	2260797193.825	   0.144	8049
59934.847307	2260797181.525	   0.109	8049
59934.847423	2260797170.224	   0.123	8049
59934.847538	2260797156.724	   0.132	8049
59934.847654	2260797145.724	   0.088	8049
59934.847770	2260797130.024	   0.141	8049
59934.847886	2260797120.824	   0.158	8049
59934.848001	2260797106.924	   0.144	8049
59934.848117	2260797094.824	   0.119	8049
59934.848233	2260797083.024	   0.136	8049
59934.848349	2260797070.024	   0.152	8049
59934.848464	2260797056.924	   0.144	8049
59934.848580	2260797045.424	   0.122	8049
59934.848696	2260797033.324	   0.146	8049
59934.848812	2260797021.423	   0.128	8049
59934.848927	2260797007.923	   0.148	8049
59934.849043	2260796995.923	   0.136	8049
59934.849159	2260796984.323	   0.101	8049
59934.849275	2260796972.423	   0.083	8049
59934.849390	2260796959.423	   0.095	8049
59934.849506	2260796946.123	   0.084	8049
59934.849622	2260796935.123	   0.078	8049
59934.849737	2260796921.623	   0.071	8049
59934.849853	2260796910.423	   0.076	8049
59934.849969	2260796896.223	   0.064	8049
59934.850085	2260796885.823	   0.063	8049
59934.850200	2260796873.522	   0.057	8049
59934.850316	2260796861.922	   0.071	8049
59934.850432	2260796849.222	   0.044	8049
59934.850548	2260796836.422	   0.061	8049
59934.850663	2260796824.322	   0.068	8049
59934.850779	2260796812.422	   0.069	8049
59934.850895	2260796800.422	   0.090	8049
59934.851011	2260796787.722	   0.062	8049
59934.851126	2260796775.422	   0.061	8049
59934.851242	2260796763.622	   0.069	8049
59934.851358	2260796751.722	   0.065	8049
59934.851474	2260796739.422	   0.051	8049
59934.851589	2260796728.522	   0.038	8049
59934.851705	2260796714.421	   0.047	8049
59934.851821	2260796701.621	   0.045	8049
59934.851937	2260796690.721	   0.075	8049
59934.852052	2260796678.521	   0.053	8049
59934.852168	2260796667.221	   0.053	8049
59934.852284	2260796654.621	   0.057	8049
59934.852400	2260796643.521	   0.047	8049
59934.852515	2260796629.621	   0.055	8049
59934.852631	2260796616.921	   0.041	8049
59934.852747	2260796606.721	   0.065	8049
59934.852862	2260796594.221	   0.052	8049
59934.852978	2260796582.021	   0.062	8049
59934.853094	2260796571.020	   0.057	8049
59934.853210	2260796558.720	   0.059	8049
59934.853325	2260796547.920	   0.063	8049
59934.853441	2260796536.120	   0.056	8049
59934.853557	2260796523.020	   0.061	8049
59934.853673	2260796511.820	   0.063	8049
59934.853789	2260796499.820	   0.094	8049
59934.853904	2260796488.320	   0.068	8049
59934.854020	2260796477.220	   0.076	8049
59934.854136	2260796463.420	   0.055	8049
59934.854251	2260796453.920	   0.065	8049
59934.854367	2260796440.520	   0.072	8049
59934.854483	2260796428.820	   0.084	8049
59934.854599	2260796416.419	   0.073	8049
59934.854714	2260796406.719	   0.076	8049
59934.854830	2260796394.119	   0.055	8049
59934.854946	2260796383.719	   0.059	8049
59934.855062	2260796372.119	   0.070	8049
59934.855177	2260796360.519	   0.065	8049
59934.855293	2260796349.419	   0.059	8049
59934.855409	2260796337.819	   0.058	8049
59934.855525	2260796324.919	   0.058	8049
59934.855640	2260796313.619	   0.070	8049
59934.855756	2260796303.019	   0.062	8049
59934.855872	2260796290.819	   0.071	8049
59934.855987	2260796280.319	   0.060	8049
59934.856103	2260796268.718	   0.076	8049
59934.856219	2260796257.818	   0.091	8049
59934.856335	2260796245.518	   0.132	8049
59934.856450	2260796234.718	   0.130	8049
59934.856566	2260796222.818	   0.106	8049
59934.856682	2260796211.318	   0.107	8049
59934.856798	2260796201.718	   0.117	8049
59934.856914	2260796190.118	   0.124	8049
59934.857029	2260796177.518	   0.143	8049
59934.857145	2260796166.618	   0.101	8049
59934.857261	2260796156.918	   0.076	8049
59934.857376	2260796144.118	   0.127	8049
59934.857492	2260796133.418	   0.097	8049
59934.857608	2260796123.217	   0.066	8049
59934.857724	2260796110.817	   0.057	8049
59934.857839	2260796099.417	   0.049	8049
59934.857955	2260796090.417	   0.075	8049
59934.858071	2260796078.317	   0.078	8049
59934.858187	2260796067.717	   0.075	8049
59934.858302	2260796058.217	   0.070	8049
59934.858418	2260796046.317	   0.101	8049
59934.858534	2260796036.817	   0.066	8049
59934.858650	2260796024.417	   0.077	8049
59934.858765	2260796011.517	   0.085	8049
59934.858881	2260795999.217	   0.073	8049
59934.858997	2260795988.217	   0.123	8049
59934.859113	2260795977.517	   0.085	8049
59934.859228	2260795964.916	   0.102	8049
59934.859344	2260795954.616	   0.092	8049
59934.859460	2260795941.716	   0.105	8049
59934.859575	2260795931.616	   0.096	8049
59934.859691	2260795918.616	   0.092	8049
59934.859807	2260795907.216	   0.116	8049
59934.859923	2260795896.616	   0.097	8049
59934.860038	2260795885.116	   0.101	8049
59934.860154	2260795874.716	   0.093	8049
59934.860270	2260795862.916	   0.117	8049
59934.860386	2260795851.616	   0.108	8049
59934.860501	2260795841.316	   0.081	8049
59934.860617	2260795827.816	   0.080	8049
59934.860733	2260795818.715	   0.089	8049
59934.860849	2260795809.115	   0.088	8049
59934.860964	2260795797.015	   0.092	8049
59934.861080	2260795785.915	   0.120	8049
59934.861196	2260795774.115	   0.084	8049
59934.861312	2260795763.615	   0.096	8049
59934.861427	2260795753.515	   0.088	8049
59934.861543	2260795743.815	   0.067	8049
59934.861659	2260795732.815	   0.085	8049
59934.861774	2260795722.415	   0.081	8049
59934.861890	2260795711.415	   0.063	8049
59934.862006	2260795701.115	   0.070	8049
59934.862122	2260795691.115	   0.085	8049
59934.862237	2260795679.015	   0.064	8049
59934.862353	2260795670.714	   0.068	8049
59934.862469	2260795659.914	   0.066	8049
59934.862585	2260795650.514	   0.072	8049
59934.862701	2260795640.614	   0.062	8049
59934.862816	2260795629.514	   0.061	8049
59934.862932	2260795619.414	   0.085	8049
59934.863048	2260795610.314	   0.061	8049
59934.863163	2260795600.614	   0.079	8049
59934.863279	2260795590.014	   0.074	8049
59934.863395	2260795581.014	   0.074	8049
59934.863511	2260795571.414	   0.084	8049
59934.863626	2260795562.214	   0.069	8049
59934.863742	2260795552.614	   0.095	8049
59934.863858	2260795544.614	   0.060	8049
59934.863974	2260795534.014	   0.077	8049
59934.864089	2260795525.514	   0.075	8049
59934.864205	2260795516.913	   0.080	8049
59934.864321	2260795506.513	   0.066	8049
59934.864437	2260795498.913	   0.108	8049
59934.864552	2260795491.713	   0.050	8049
59934.864668	2260795480.713	   0.022	8049
59934.864784	2260795471.313	   0.029	8049
59934.864900	2260795464.913	   0.034	8049
59934.865015	2260795452.413	   0.023	8049
59934.865131	2260795442.313	   0.024	8049
59934.865247	2260795432.613	   0.027	8049
59934.865363	2260795424.013	   0.027	8049
59934.865478	2260795413.613	   0.029	8049
59934.865594	2260795404.013	   0.031	8049
59934.865710	2260795394.513	   0.038	8049
59934.865826	2260795383.013	   0.056	8049
59934.865941	2260795373.912	   0.069	8049
59934.866057	2260795365.212	   0.095	8049
59934.866173	2260795354.712	   0.095	8049
59934.866288	2260795345.812	   0.108	8049
59934.866404	2260795335.712	   0.080	8049
59934.866520	2260795327.712	   0.112	8049
59934.866636	2260795318.312	   0.109	8049
59934.866751	2260795310.312	   0.106	8049
59934.866867	2260795301.012	   0.107	8049
59934.866983	2260795291.912	   0.124	8049
59934.867099	2260795283.412	   0.132	8049
59934.867214	2260795276.812	   0.134	8049
59934.867330	2260795268.412	   0.147	8049
59934.867446	2260795258.712	   0.171	8049
59934.867562	2260795251.912	   0.214	8049
59934.867677	2260795243.812	   0.156	8049
59934.867793	2260795235.412	   0.195	8049
59934.867909	2260795228.112	   0.190	8049
59934.868024	2260795221.411	   0.141	8049
59934.868140	2260795213.411	   0.207	8049
59934.868256	2260795205.911	   0.214	8049
59934.868372	2260795199.811	   0.165	8049
59934.868487	2260795192.011	   0.216	8049
59934.868603	2260795186.211	   0.192	8049
59934.868719	2260795179.511	   0.218	8049
59934.868835	2260795172.211	   0.242	8049
59934.868950	2260795165.811	   0.205	8049
59934.869066	2260795160.311	   0.206	8049
59934.869182	2260795154.311	   0.232	8049
59934.869298	2260795147.811	   0.251	8049
59934.869414	2260795141.411	   0.152	8049
59934.869529	2260795132.511	   0.231	8049
59934.869645	2260795125.511	   0.213	8049
59934.869761	2260795117.411	   0.146	8049
59934.869876	2260795109.411	   0.142	8049
59934.869992	2260795101.511	   0.173	8049
59934.870108	2260795094.411	   0.142	8049
59934.870224	2260795087.711	   0.141	8049
59934.870339	2260795080.811	   0.148	8049
59934.870455	2260795074.010	   0.131	8049
59934.870571	2260795066.810	   0.167	8049
59934.870687	2260795061.210	   0.217	8049
59934.870802	2260795054.010	   0.181	8049
59934.870918	2260795048.010	   0.187	8049
59934.871034	2260795043.110	   0.165	8049
59934.871150	2260795037.210	   0.144	8049
59934.871265	2260795031.210	   0.136	8049
59934.871381	2260795025.910	   0.172	8049
59934.871497	2260795021.310	   0.120	8049
59934.871613	2260795016.210	   0.272	8049
59934.871728	2260795011.210	   0.243	8049
59934.871844	2260795007.010	   0.270	8049
59934.871960	2260795002.010	   0.273	8049
59934.872076	2260794998.410	   0.254	8049
59934.872191	2260794994.310	   0.355	8049
59934.872307	2260794990.110	   0.455	8049
59934.872423	2260794986.810	   0.383	8049
59934.872539	2260794984.010	   0.480	8049
59934.872654	2260794980.310	   0.432	8049
59934.872770	2260794978.110	   0.262	8049
59934.872886	2260794974.710	   0.193	8049
59934.873001	2260794969.810	   0.093	8049
59934.873117	2260794963.710	   0.101	8049
59934.873233	2260794959.510	   0.113	8049
59934.873349	2260794954.310	   0.096	8049
59934.873464	2260794949.210	   0.090	8049
59934.873580	2260794945.410	   0.106	8049
59934.873696	2260794941.410	   0.140	8049
59934.873812	2260794937.810	   0.213	8049
59934.873927	2260794934.710	   0.139	8049
59934.874043	2260794930.910	   0.101	8049
59934.874159	2260794928.010	   0.148	8049
59934.874275	2260794925.110	   0.208	8049
59934.874390	2260794922.609	   0.291	8049
59934.874506	2260794920.609	   0.336	8049
59934.874622	2260794918.309	   0.233	8049
59934.874738	2260794916.809	   0.386	8049
59934.874853	2260794915.609	   0.813	8049
59934.874969	2260794914.409	   0.378	8049
59934.875085	2260794913.809	   0.592	8049
59934.875201	2260794913.309	   0.380	8049
59934.875316	2260794913.109	   0.677	8049
59934.875432	2260794913.109	   0.747	8049
59934.875548	2260794913.709	   0.355	8049
59934.875663	2260794914.309	   0.244	8049
59934.875779	2260794915.109	   0.372	8049
59934.875895	2260794912.909	   0.231	8049
59934.876011	2260794911.009	   0.244	8049
59934.876126	2260794909.509	   0.211	8049
59934.876242	2260794908.009	   0.205	8049
59934.876358	2260794907.209	   0.258	8049
59934.876474	2260794906.409	   0.351	8049
59934.876589	2260794906.009	   0.430	8049
59934.876705	2260794906.009	   0.435	8049
59934.876821	2260794906.409	   0.351	8049
59934.876937	2260794907.209	   0.220	8049
59934.877052	2260794908.109	   0.134	8049
59934.877168	2260794909.509	   0.151	8049
59934.877284	2260794911.109	   0.116	8049
59934.877400	2260794913.309	   0.133	8049
59934.877515	2260794915.809	   0.158	8049
59934.877631	2260794918.909	   0.093	8049
59934.877747	2260794922.009	   0.079	8049
59934.877863	2260794925.910	   0.074	8049
59934.877978	2260794929.910	   0.142	8049
59934.878094	2260794933.510	   0.081	8049
59934.878210	2260794938.410	   0.106	8049
59934.878326	2260794943.310	   0.173	8049
59934.878441	2260794944.610	   0.272	8049
59934.878557	2260794946.810	   0.099	8049
59934.878673	2260794948.710	   0.135	8049
59934.878788	2260794951.510	   0.182	8049
59934.878904	2260794955.110	   0.081	8049
59934.879020	2260794958.710	   0.064	8049
59934.879136	2260794961.310	   0.045	8049
59934.879251	2260794965.910	   0.046	8049
59934.879367	2260794970.810	   0.034	8049
59934.879483	2260794976.310	   0.033	8049
59934.879599	2260794982.010	   0.034	8049
59934.879714	2260794988.210	   0.021	8049
59934.879830	2260794994.110	   0.017	8049
59934.879946	2260795001.810	   0.015	8049
59934.880062	2260795008.810	   0.018	8049
59934.880177	2260795017.510	   0.014	8049
59934.880293	2260795025.710	   0.019	8049
59934.880409	2260795034.810	   0.015	8049
59934.880525	2260795044.010	   0.011	8049
59934.880640	2260795050.610	   0.024	8049
59934.880756	2260795056.610	   0.024	8049
59934.880872	2260795063.610	   0.027	8049
59934.880988	2260795070.010	   0.031	8049
59934.881103	2260795077.311	   0.031	8049
59934.881219	2260795085.611	   0.026	8049
59934.881335	2260795093.111	   0.026	8049
59934.881451	2260795102.711	   0.031	8049
59934.881566	2260795112.311	   0.036	8049
59934.881682	2260795121.711	   0.028	8049
59934.881798	2260795131.911	   0.031	8049
59934.881913	2260795141.811	   0.033	8049
59934.882029	2260795153.511	   0.024	8049
59934.882145	2260795164.311	   0.025	8049
59934.882261	2260795177.311	   0.034	8049
59934.882376	2260795191.811	   0.026	8049
59934.882492	2260795204.911	   0.020	8049
59934.882608	2260795219.111	   0.026	8049
59934.882724	2260795231.012	   0.041	8049
59934.882839	2260795240.112	   0.022	8049
59934.882955	2260795252.912	   0.019	8049
59934.883071	2260795263.912	   0.023	8049
59934.883187	2260795276.212	   0.018	8049
59934.883302	2260795286.412	   0.017	8049
59934.883418	2260795302.512	   0.012	8049
59934.883534	2260795314.712	   0.015	8049
59934.883650	2260795328.512	   0.016	8049
59934.883765	2260795344.712	   0.010	8049
59934.883881	2260795361.712	   0.009	8049
59934.883997	2260795377.413	   0.008	8049
59934.884113	2260795393.413	   0.007	8049
59934.884228	2260795410.213	   0.006	8049
59934.884344	2260795428.513	   0.006	8049
59934.884460	2260795447.913	   0.007	8049
59934.884576	2260795466.013	   0.005	8049
59934.884691	2260795483.213	   0.006	8049
59934.884807	2260795497.613	   0.005	8049
59934.884923	2260795514.613	   0.004	8049
59934.885038	2260795529.514	   0.005	8049
59934.885154	2260795547.614	   0.004	8049
59934.885270	2260795564.914	   0.006	8049
59934.885386	2260795583.414	   0.004	8049
59934.885502	2260795603.814	   0.004	8049
59934.885849	2260795663.514	   0.003	8049
59934.885964	2260795685.915	   0.004	8049
59934.886196	2260795736.015	   0.003	8049
59934.886312	2260795751.215	   0.003	8049
59934.886543	2260795799.015	   0.004	8049
59934.886659	2260795819.915	   0.004	8049
59934.886775	2260795841.916	   0.006	8049
59934.886891	2260795861.116	   0.007	8049
59934.887007	2260795887.216	   0.006	8049
59934.887122	2260795906.816	   0.006	8049
59934.887238	2260795932.216	   0.007	8049
59934.887353	2260795957.616	   0.006	8049
59934.887469	2260795980.017	   0.006	8049
59934.887585	2260796007.517	   0.006	8049
59934.887701	2260796034.117	   0.003	8049
59934.887932	2260796091.017	   0.003	8049
59934.889205	2260796394.319	   0.005	8049
59934.889321	2260796423.619	   0.004	8049
59934.889437	2260796450.320	   0.005	8049
59934.889552	2260796484.920	   0.004	8049
59934.889668	2260796516.020	   0.004	8049
59934.889784	2260796545.820	   0.004	8049
59934.889900	2260796580.621	   0.004	8049
59934.890015	2260796608.621	   0.003	8049
59934.890131	2260796651.121	   0.005	8049
59934.890247	2260796681.921	   0.004	8049
59934.890363	2260796708.421	   0.003	8049
59934.890826	2260796834.122	   0.003	8049
59934.891173	2260796942.023	   0.003	8049
59934.891751	2260797128.624	   0.003	8049
59934.891867	2260797161.224	   0.003	8049
59934.891983	2260797196.325	   0.003	8049
59934.892099	2260797235.825	   0.004	8049
59934.892214	2260797264.825	   0.003	8049
59934.892330	2260797305.425	   0.004	8049
59934.901011	2260800755.348	   0.006	8049
59934.901127	2260800796.949	   0.007	8049
59934.901242	2260800835.149	   0.006	8049
59934.901358	2260800875.149	   0.009	8049
59934.901474	2260800911.849	   0.010	8049
59934.901589	2260800945.250	   0.009	8049
59934.901937	2260800659.948	   0.009	8049
59934.902052	2260800690.648	   0.009	8049
59934.902168	2260800720.848	   0.011	8049
59934.902284	2260800759.448	   0.012	8049
59934.902400	2260800794.149	   0.011	8049
59934.902515	2260800830.949	   0.011	8049
59934.902631	2260800870.749	   0.013	8049
59934.902747	2260800907.049	   0.016	8049
59934.902863	2260800944.250	   0.013	8049
59934.902978	2260800977.850	   0.015	8049
59934.903094	2260801006.050	   0.011	8049
59934.903210	2260801047.050	   0.006	8049
59934.903326	2260801077.451	   0.008	8049
59934.903441	2260801113.851	   0.009	8049
59934.903557	2260801146.851	   0.011	8049
59934.903673	2260801175.151	   0.010	8049
59934.903788	2260801209.251	   0.011	8049
59934.903904	2260801236.452	   0.010	8049
59934.904020	2260801269.552	   0.010	8049
59934.904136	2260801298.752	   0.010	8049
59934.904251	2260801326.852	   0.011	8049
59934.904367	2260801356.552	   0.010	8049
59934.904483	2260801390.853	   0.012	8049
59934.904599	2260801426.553	   0.010	8049
59934.904714	2260801455.453	   0.011	8049
59934.904830	2260801482.753	   0.015	8049
59934.904946	2260801518.353	   0.015	8049
59934.905062	2260801548.254	   0.012	8049
59934.905177	2260801573.554	   0.014	8049
59934.905293	2260801607.554	   0.018	8049
59934.905409	2260801632.554	   0.019	8049
59934.905525	2260801657.554	   0.015	8049
59934.905640	2260801687.255	   0.019	8049
59934.905756	2260801714.555	   0.017	8049
59934.905872	2260801738.155	   0.022	8049
59934.905988	2260801761.655	   0.018	8049
59934.906103	2260801788.255	   0.018	8049
59934.906219	2260801811.655	   0.017	8049
59934.906335	2260801839.256	   0.018	8049
59934.906451	2260801866.456	   0.017	8049
59934.906566	2260801890.956	   0.018	8049
59934.906682	2260801919.856	   0.019	8049
59934.906798	2260801945.956	   0.019	8049
59934.906914	2260801968.656	   0.020	8049
59934.907029	2260801993.957	   0.022	8049
59934.907145	2260802017.557	   0.021	8049
59934.907261	2260802041.357	   0.024	8049
59934.907376	2260802064.157	   0.020	8049
59934.907492	2260802087.957	   0.029	8049
59934.907608	2260802109.057	   0.024	8049
59934.907724	2260802129.058	   0.032	8049
59934.907839	2260802149.658	   0.027	8049
59934.907955	2260802168.458	   0.031	8049
59934.908071	2260802187.558	   0.026	8049
59934.908187	2260802210.458	   0.025	8049
59934.908302	2260802228.258	   0.022	8049
59934.908418	2260802249.858	   0.016	8049
59934.908534	2260802276.959	   0.016	8049
59934.908650	2260802296.459	   0.018	8049
59934.908765	2260802317.059	   0.013	8049
59934.908881	2260802334.259	   0.011	8049
59934.908997	2260802353.659	   0.012	8049
59934.909113	2260802375.559	   0.012	8049
59934.909228	2260802393.059	   0.012	8049
59934.909344	2260802408.159	   0.011	8049
59934.909460	2260802426.260	   0.010	8049
59934.909576	2260802443.860	   0.014	8049
59934.909691	2260802459.060	   0.010	8049
59934.909807	2260802473.060	   0.012	8049
59934.909923	2260802489.260	   0.014	8049
59934.910039	2260802502.360	   0.012	8049
59934.910154	2260802519.860	   0.007	8049
59934.910270	2260802534.660	   0.009	8049
59934.910386	2260802554.860	   0.008	8049
59934.910501	2260802572.760	   0.009	8049
59934.910617	2260802585.461	   0.012	8049
59934.910733	2260802601.761	   0.014	8049
59934.910849	2260802617.061	   0.014	8049
59934.910964	2260802632.361	   0.014	8049
59934.911080	2260802646.361	   0.017	8049
59934.911196	2260802659.761	   0.018	8049
59934.911312	2260802673.061	   0.023	8049
59934.911427	2260802683.361	   0.026	8049
59934.911543	2260802695.561	   0.027	8049
59934.911659	2260802708.061	   0.027	8049
59934.911775	2260802717.961	   0.031	8049
59934.911890	2260802729.262	   0.034	8049
59934.912006	2260802739.062	   0.035	8049
59934.912122	2260802747.762	   0.029	8049
59934.912238	2260802760.062	   0.032	8049
59934.912353	2260802774.362	   0.022	8049
59934.912469	2260802785.262	   0.028	8049
59934.912585	2260802797.462	   0.026	8049
59934.912701	2260802810.562	   0.025	8049
59934.912816	2260802821.462	   0.017	8049
59934.912932	2260802831.762	   0.014	8049
59934.913048	2260802843.062	   0.010	8049
59934.913164	2260802850.362	   0.012	8049
59934.913279	2260802860.462	   0.009	8049
59934.913395	2260802868.562	   0.006	8049
59934.913511	2260802876.263	   0.008	8049
59934.913627	2260802884.063	   0.009	8049
59934.913742	2260802890.963	   0.005	8049
59934.913858	2260802897.863	   0.009	8049
59934.913974	2260802904.463	   0.008	8049
59934.914089	2260802911.163	   0.011	8049
59934.914205	2260802915.163	   0.008	8049
59934.914321	2260802920.163	   0.006	8049
59934.914437	2260802930.063	   0.010	8049
59934.914552	2260802938.563	   0.009	8049
59934.914668	2260802947.763	   0.009	8049
59934.914784	2260802953.763	   0.010	8049
59934.914900	2260802961.563	   0.008	8049
59934.915015	2260802969.463	   0.007	8049
59934.915131	2260802975.363	   0.007	8049
59934.915247	2260802981.463	   0.006	8049
59934.915363	2260802986.863	   0.006	8049
59934.915478	2260802991.263	   0.010	8049
59934.915594	2260802996.763	   0.014	8049
59934.915710	2260803000.163	   0.008	8049
59934.915826	2260803005.163	   0.016	8049
59934.915941	2260803008.563	   0.018	8049
59934.916057	2260803011.263	   0.015	8049
59934.916173	2260803014.363	   0.015	8049
59934.916289	2260803016.563	   0.016	8049
59934.916404	2260803018.963	   0.016	8049
59934.916520	2260803020.863	   0.012	8049
59934.916636	2260803022.263	   0.012	8049
59934.916751	2260803025.664	   0.006	8049
59934.916867	2260803030.764	   0.009	8049
59934.916983	2260803034.764	   0.012	8049
59934.917099	2260803039.764	   0.017	8049
59934.917215	2260803042.764	   0.030	8049
59934.917330	2260803046.164	   0.038	8049
59934.917446	2260803048.864	   0.040	8049
59934.917562	2260803051.964	   0.032	8049
59934.917677	2260803053.864	   0.055	8049
59934.917793	2260803055.964	   0.031	8049
59934.917909	2260803057.064	   0.030	8049
59934.918025	2260803058.764	   0.017	8049
59934.918140	2260803059.564	   0.042	8049
59934.918256	2260803060.164	   0.032	8049
59934.918372	2260803060.564	   0.025	8049
59934.918488	2260803060.464	   0.014	8049
59934.918719	2260803059.764	   0.018	8049
59934.918835	2260803058.864	   0.011	8049
59934.918951	2260803057.464	   0.005	8049
59934.919066	2260803056.064	   0.009	8049
59934.919182	2260803054.464	   0.013	8049
59934.919298	2260803053.364	   0.012	8049
59934.919413	2260803054.764	   0.018	8049
59934.919529	2260803055.364	   0.020	8049
59934.919645	2260803056.064	   0.032	8049
59934.919761	2260803056.464	   0.030	8049
59934.919876	2260803056.564	   0.023	8049
59934.919992	2260803056.264	   0.016	8049
59934.920109	2260803055.864	   0.011	8049
59934.920224	2260803055.164	   0.008	8049
59934.920340	2260803054.364	   0.004	8049
59934.920455	2260803053.164	   0.008	8049
59934.920571	2260803051.564	   0.006	8049
59934.920687	2260803049.364	   0.004	8049
59934.920802	2260803048.164	   0.007	8049
59934.920918	2260803045.964	   0.008	8049
59934.921034	2260803043.364	   0.006	8049
59934.921150	2260803040.264	   0.004	8049
