59940.936089	2260811765.189	   0.157	8049
59940.936204	2260811753.489	   1.562	8049
59940.936320	2260811737.489	   1.357	8049
59940.936436	2260811716.789	   1.512	8049
59940.936552	2260811695.689	   1.188	8049
59940.936667	2260811673.389	   1.398	8049
59940.936783	2260811647.289	   0.971	8049
59940.936899	2260811623.589	   1.040	8049
59940.937015	2260811595.089	   1.348	8049
59940.937130	2260811576.289	   1.170	8049
59940.937246	2260811550.989	   0.910	8049
59940.937362	2260811528.588	   1.090	8049
59940.937478	2260811502.988	   0.763	8049
59940.937593	2260811472.588	   0.706	8049
59940.937709	2260811444.188	   0.824	8049
59940.937825	2260811415.188	   0.609	8049
59940.937941	2260811380.188	   0.594	8049
59940.938056	2260811347.388	   0.540	8049
59940.938172	2260811311.988	   0.636	8049
59940.938288	2260811280.888	   0.581	8049
59940.938404	2260811250.388	   0.573	8049
59940.938519	2260811221.387	   0.507	8049
59940.938635	2260811185.487	   0.769	8049
59940.938751	2260811148.487	   0.750	8049
59940.938867	2260811107.987	   0.649	8049
59940.938983	2260811070.987	   0.627	8049
59940.939098	2260811030.387	   0.694	8049
59940.939214	2260810986.987	   0.627	8049
59940.939330	2260810941.786	   0.599	8049
59940.939445	2260810907.786	   0.766	8049
59940.939561	2260810868.286	   0.666	8049
59940.939677	2260810825.286	   0.651	8049
59940.939793	2260810783.186	   0.592	8049
59940.939908	2260810741.086	   0.544	8049
59940.940024	2260810693.686	   0.539	8049
59940.940140	2260810646.785	   0.601	8049
59940.940256	2260810600.585	   0.630	8049
59940.940371	2260810545.285	   0.560	8049
59940.940487	2260810500.085	   0.521	8049
59940.940603	2260810449.985	   0.509	8049
59940.940719	2260810403.585	   0.495	8049
59940.940834	2260810359.485	   0.502	8049
59940.940950	2260810307.284	   0.473	8049
59940.941066	2260810255.284	   0.427	8049
59940.941182	2260810199.484	   0.386	8049
59940.941297	2260810149.784	   0.420	8049
59940.941413	2260810094.684	   0.368	8049
59940.941528	2260810033.683	   0.397	8049
59940.941644	2260809980.083	   0.391	8049
59940.941760	2260809917.783	   0.384	8049
59940.941876	2260809869.283	   0.349	8049
59940.941992	2260809812.983	   0.342	8049
59940.942107	2260809752.083	   0.341	8049
59940.942223	2260809697.382	   0.339	8049
59940.942339	2260809633.682	   0.340	8049
59940.942454	2260809576.882	   0.317	8049
59940.942570	2260809515.582	   0.319	8049
59940.942686	2260809445.481	   0.310	8049
59940.942802	2260809388.481	   0.393	8049
59940.942917	2260809316.881	   0.400	8049
59940.943033	2260809250.181	   0.460	8049
59940.943149	2260809185.481	   0.454	8049
59940.943265	2260809126.280	   0.464	8049
59940.943380	2260809064.680	   0.459	8049
59940.943496	2260808994.980	   0.420	8049
59940.943612	2260808931.180	   0.424	8049
59940.943728	2260808864.480	   0.447	8049
59940.943844	2260808794.679	   0.466	8049
59940.943959	2260808723.379	   0.422	8049
59940.944075	2260808654.679	   0.416	8049
59940.944190	2260808583.379	   0.469	8049
59940.944306	2260808502.378	   0.465	8049
59940.944422	2260808428.678	   0.477	8049
59940.944538	2260808365.378	   0.452	8049
59940.944654	2260808293.378	   0.525	8049
59940.944770	2260808221.377	   0.436	8049
59940.944885	2260808151.777	   0.450	8049
59940.945001	2260808076.677	   0.402	8049
59940.945117	2260807990.177	   0.447	8049
59940.945232	2260807917.276	   0.427	8049
59940.945348	2260807845.876	   0.424	8049
59940.945464	2260807762.676	   0.362	8049
59940.945579	2260807681.676	   0.409	8049
59940.945695	2260807599.875	   0.378	8049
59940.945811	2260807521.775	   0.427	8049
59940.945927	2260807447.075	   0.368	8049
59940.946042	2260807368.675	   0.394	8049
59940.946158	2260807287.774	   0.385	8049
59940.946274	2260807211.274	   0.376	8049
59940.946390	2260807125.574	   0.355	8049
59940.946505	2260807048.673	   0.341	8049
59940.946621	2260806968.173	   0.290	8049
59940.946737	2260806884.073	   0.377	8049
59940.946852	2260806795.173	   0.311	8049
59940.946968	2260806713.872	   0.298	8049
59940.947084	2260806622.372	   0.330	8049
59940.947200	2260806532.572	   0.309	8049
59940.947316	2260806449.571	   0.315	8049
59940.947431	2260806372.171	   0.289	8049
59940.947547	2260806279.571	   0.285	8049
59940.947663	2260806198.271	   0.286	8049
59940.947779	2260806114.070	   0.293	8049
59940.947894	2260806024.470	   0.236	8049
59940.948010	2260805933.570	   0.227	8049
59940.948126	2260805841.269	   0.217	8049
59940.948242	2260805753.869	   0.214	8049
59940.948357	2260805664.769	   0.207	8049
59940.948473	2260805577.469	   0.118	8049
59940.948589	2260805477.468	   0.114	8049
59940.948705	2260805385.168	   0.100	8049
59940.948820	2260805294.768	   0.109	8049
59940.948936	2260805207.167	   0.100	8049
59940.949052	2260805117.667	   0.103	8049
59940.949167	2260805022.067	   0.101	8049
59940.949283	2260804929.366	   0.095	8049
59940.949399	2260804845.966	   0.081	8049
59940.949514	2260804746.866	   0.084	8049
59940.949630	2260804663.166	   0.078	8049
59940.949746	2260804556.065	   0.078	8049
59940.949862	2260804464.465	   0.098	8049
59940.949978	2260804363.465	   0.086	8049
59940.950093	2260804278.264	   0.088	8049
59940.950209	2260804181.364	   0.084	8049
59940.950325	2260804079.564	   0.078	8049
59940.950440	2260803981.463	   0.080	8049
59940.950556	2260803883.463	   0.083	8049
59940.950672	2260803785.163	   0.082	8049
59940.950788	2260803694.762	   0.087	8049
59940.950904	2260803598.562	   0.082	8049
59940.951019	2260803502.562	   0.078	8049
59940.951135	2260803410.061	   0.076	8049
59940.951251	2260803310.561	   0.238	8049
59940.951366	2260803213.661	   0.234	8049
59940.951482	2260803113.060	   0.224	8049
59940.951598	2260803010.560	   0.228	8049
59940.951714	2260802918.460	   0.219	8049
59940.951829	2260802824.659	   0.206	8049
59940.951945	2260802723.959	   0.221	8049
59940.952061	2260802621.259	   0.223	8049
59940.952177	2260802515.458	   0.209	8049
59940.952292	2260802417.858	   0.218	8049
59940.952408	2260802316.858	   0.227	8049
59940.952524	2260802218.657	   0.206	8049
59940.952640	2260802115.157	   0.111	8049
59940.952756	2260802019.557	   0.115	8049
59940.952871	2260801910.756	   0.103	8049
59940.952987	2260801809.356	   0.107	8049
59940.953103	2260801714.856	   0.095	8049
59940.953219	2260801609.955	   0.102	8049
59940.953334	2260801506.855	   0.089	8049
59940.953450	2260801413.455	   0.091	8049
59940.953566	2260801313.154	   0.091	8049
59940.953681	2260801207.854	   0.087	8049
59940.953797	2260801109.654	   0.090	8049
59940.953913	2260801007.653	   0.079	8049
59940.954028	2260800909.653	   0.217	8049
59940.954144	2260800811.653	   0.217	8049
59940.954260	2260800700.252	   0.242	8049
59940.954376	2260800600.552	   0.231	8049
59940.954492	2260800501.752	   0.245	8049
59940.954607	2260800406.151	   0.221	8049
59940.954723	2260800297.451	   0.229	8049
59940.954839	2260800200.451	   0.246	8049
59940.954955	2260800098.350	   0.228	8049
59940.955070	2260799992.850	   0.217	8049
59940.955186	2260799894.650	   0.226	8049
59940.955302	2260799793.549	   0.241	8049
59940.955417	2260799706.749	   0.139	8049
59940.955533	2260799587.849	   0.101	8049
59940.955649	2260799486.648	   0.094	8049
59940.955764	2260799392.248	   0.091	8049
59940.955880	2260799286.148	   0.090	8049
59940.955996	2260799185.347	   0.080	8049
59940.956112	2260799088.147	   0.082	8049
59940.956227	2260798987.047	   0.081	8049
59940.956343	2260798886.146	   0.085	8049
59940.956459	2260798784.546	   0.081	8049
59940.956575	2260798696.146	   0.078	8049
59940.956690	2260798598.145	   0.072	8049
59940.956806	2260798489.345	   0.252	8049
59940.956922	2260798400.845	   0.265	8049
59940.957038	2260798297.244	   0.285	8049
59940.957153	2260798199.844	   0.276	8049
59940.957269	2260798097.144	   0.284	8049
59940.957386	2260797995.643	   0.287	8049
59940.957501	2260797894.643	   0.301	8049
59940.957616	2260797796.443	   0.270	8049
59940.957732	2260797694.642	   0.283	8049
59940.957848	2260797604.742	   0.279	8049
59940.957963	2260797504.142	   0.289	8049
59940.958079	2260797401.441	   0.277	8049
59940.958195	2260797309.641	   0.296	8049
59940.958311	2260797209.641	   0.129	8049
59940.958427	2260797116.540	   0.119	8049
59940.958542	2260797017.140	   0.123	8049
59940.958658	2260796921.340	   0.116	8049
59940.958774	2260796825.039	   0.112	8049
59940.958890	2260796736.539	   0.100	8049
59940.959005	2260796639.339	   0.117	8049
59940.959121	2260796547.538	   0.104	8049
59940.959237	2260796461.438	   0.094	8049
59940.959352	2260796360.538	   0.093	8049
59940.959468	2260796261.738	   0.096	8049
59940.959584	2260796168.737	   0.091	8049
59940.959699	2260796074.337	   0.310	8049
59940.959815	2260795979.437	   0.327	8049
59940.959931	2260795890.336	   0.304	8049
59940.960047	2260795788.536	   0.309	8049
59940.960162	2260795699.736	   0.285	8049
59940.960278	2260795605.135	   0.301	8049
59940.960394	2260795518.935	   0.281	8049
59940.960510	2260795428.635	   0.293	8049
59940.960626	2260795340.834	   0.292	8049
59940.960741	2260795250.034	   0.290	8049
59940.960857	2260795160.434	   0.339	8049
59940.960973	2260795081.234	   0.296	8049
59940.961088	2260794981.333	   0.145	8049
59940.961204	2260794888.133	   0.140	8049
59940.961320	2260794810.633	   0.141	8049
59940.961436	2260794712.832	   0.131	8049
59940.961552	2260794621.032	   0.114	8049
59940.961667	2260794541.932	   0.123	8049
59940.961783	2260794456.432	   0.109	8049
59940.961899	2260794367.931	   0.102	8049
59940.962015	2260794284.631	   0.110	8049
59940.962130	2260794201.331	   0.108	8049
59940.962246	2260794117.330	   0.130	8049
59940.962362	2260794034.730	   0.126	8049
59940.962477	2260793953.530	   0.383	8049
59940.962593	2260793872.330	   0.351	8049
59940.962709	2260793789.629	   0.316	8049
59940.962825	2260793702.529	   0.304	8049
59940.962941	2260793624.429	   0.327	8049
59940.963056	2260793544.928	   0.320	8049
59940.963172	2260793457.628	   0.278	8049
59940.963288	2260793378.328	   0.311	8049
59940.963403	2260793306.428	   0.314	8049
59940.963519	2260793231.727	   0.358	8049
59940.963635	2260793150.927	   0.312	8049
59940.963750	2260793070.227	   0.300	8049
59940.963866	2260793003.427	   0.156	8049
59940.963982	2260792925.426	   0.150	8049
59940.964098	2260792854.526	   0.146	8049
59940.964214	2260792769.926	   0.146	8049
59940.964329	2260792695.926	   0.154	8049
59940.964445	2260792624.725	   0.148	8049
59940.964561	2260792544.225	   0.151	8049
59940.964676	2260792479.125	   0.148	8049
59940.964792	2260792402.525	   0.158	8049
59940.964908	2260792332.324	   0.141	8049
59940.965024	2260792270.124	   0.129	8049
59940.965139	2260792199.224	   0.128	8049
59940.965255	2260792135.224	   0.318	8049
59940.965371	2260792066.424	   0.284	8049
59940.965487	2260791990.723	   0.273	8049
59940.965602	2260791923.923	   0.305	8049
59940.965718	2260791860.323	   0.285	8049
59940.965834	2260791792.523	   0.284	8049
59940.965950	2260791721.122	   0.283	8049
59940.966065	2260791664.822	   0.300	8049
59940.966181	2260791598.222	   0.311	8049
59940.966297	2260791545.422	   0.301	8049
59940.966412	2260791485.522	   0.299	8049
59940.966528	2260791428.321	   0.281	8049
59940.966644	2260791369.521	   0.145	8049
59940.966760	2260791301.421	   0.152	8049
59940.966875	2260791240.521	   0.139	8049
59940.966991	2260791177.221	   0.140	8049
59940.967107	2260791116.820	   0.120	8049
59940.967223	2260791062.320	   0.144	8049
59940.967339	2260791012.120	   0.100	8049
59940.967454	2260790954.520	   0.102	8049
59940.967570	2260790905.320	   0.106	8049
59940.967685	2260790848.719	   0.108	8049
59940.967801	2260790799.119	   0.085	8049
59940.967917	2260790741.519	   0.082	8049
59940.968033	2260790684.219	   0.256	8049
59940.968149	2260790638.019	   0.278	8049
59940.968264	2260790585.519	   0.291	8049
59940.968380	2260790534.318	   0.269	8049
59940.968496	2260790488.418	   0.262	8049
59940.968612	2260790443.818	   0.313	8049
59940.968727	2260790399.618	   0.292	8049
59940.968843	2260790350.818	   0.277	8049
59940.968959	2260790313.618	   0.327	8049
59940.969074	2260790264.418	   0.262	8049
59940.969190	2260790216.017	   0.250	8049
59940.969306	2260790172.817	   0.285	8049
59940.969422	2260790131.417	   0.258	8049
59940.969538	2260790088.617	   0.170	8049
59940.969653	2260790046.817	   0.172	8049
59940.969769	2260790009.217	   0.198	8049
59940.969885	2260789971.717	   0.195	8049
59940.970000	2260789938.416	   0.200	8049
59940.970116	2260789906.216	   0.236	8049
59940.970232	2260789865.416	   0.202	8049
59940.970348	2260789826.316	   0.194	8049
59940.970463	2260789787.416	   0.227	8049
59940.970580	2260789755.716	   0.217	8049
59940.970695	2260789723.816	   0.209	8049
59940.970811	2260789691.416	   0.236	8049
59940.970926	2260789659.216	   0.375	8049
59940.971042	2260789633.015	   0.398	8049
59940.971158	2260789605.615	   0.446	8049
59940.971274	2260789583.415	   0.398	8049
59940.971389	2260789553.815	   0.383	8049
59940.971505	2260789522.015	   0.408	8049
59940.971621	2260789492.215	   0.424	8049
59940.971737	2260789463.915	   0.442	8049
59940.971852	2260789439.915	   0.437	8049
59940.971968	2260789416.715	   0.637	8049
59940.972084	2260789394.915	   0.508	8049
59940.972199	2260789377.515	   0.534	8049
59940.972315	2260789358.315	   0.471	8049
59940.972431	2260789344.414	   0.405	8049
59940.972547	2260789318.014	   0.300	8049
59940.972662	2260789299.914	   0.301	8049
59940.972778	2260789277.014	   0.317	8049
59940.972894	2260789261.314	   0.451	8049
59940.973010	2260789245.614	   0.443	8049
59940.973125	2260789233.114	   0.493	8049
59940.973241	2260789219.014	   0.609	8049
59940.973357	2260789207.614	   0.562	8049
59940.973473	2260789200.914	   1.103	8049
59940.973588	2260789189.214	   0.333	8049
59940.973704	2260789178.214	   1.122	8049
59940.973820	2260789164.814	   1.398	8049
59940.973935	2260789153.214	   1.250	8049
59940.974051	2260789146.414	   1.587	8049
59940.974167	2260789138.714	   3.736	8049
59940.974283	2260789133.914	   2.752	8049
59940.974399	2260789130.414	   8.284	8049
59940.974514	2260789128.914	  11.635	8049
59940.974630	2260789128.914	   8.626	8049
59940.974746	2260789126.314	   2.302	8049
59940.974861	2260789122.014	   2.994	8049
59940.974977	2260789118.414	  11.424	8049
59940.975093	2260789117.314	   9.000	8049
59940.975209	2260789117.514	   7.797	8049
59940.975325	2260789119.714	   2.698	8049
59940.975440	2260789123.814	   1.111	8049
59940.975556	2260789129.514	   1.379	8049
59940.975672	2260789137.014	   0.673	8049
59940.975787	2260789146.514	   0.503	8049
59940.975903	2260789150.614	   1.580	8049
59940.976019	2260789154.814	   0.867	8049
59940.976135	2260789160.914	   0.509	8049
59940.976250	2260789168.814	   0.388	8049
59940.976366	2260789178.314	   0.228	8049
59940.976482	2260789188.114	   0.438	8049
59940.976598	2260789201.014	   0.365	8049
59940.976713	2260789215.914	   0.303	8049
59940.976829	2260789233.214	   0.210	8049
59940.976945	2260789248.114	   0.134	8049
59940.977061	2260789262.314	   0.188	8049
59940.977176	2260789274.414	   0.138	8049
59940.977292	2260789290.614	   0.091	8049
59940.977408	2260789304.514	   0.087	8049
59940.977524	2260789324.314	   0.065	8049
59940.977639	2260789346.014	   0.046	8049
59940.977755	2260789364.815	   0.030	8049
59940.977871	2260789388.415	   0.025	8049
59940.977987	2260789414.815	   0.021	8049
59940.978102	2260789443.215	   0.018	8049
59940.978218	2260789459.715	   0.020	8049
59940.978334	2260789481.915	   0.011	8049
59940.978450	2260789506.915	   0.008	8049
59940.978565	2260789531.015	   0.005	8049
59940.978681	2260789557.815	   0.004	8049
59940.978797	2260789584.515	   0.003	8049
59940.978912	2260789613.515	   0.002	8049
59940.979028	2260789649.415	   0.002	8049
59940.979260	2260789716.116	   0.002	8049
59940.979375	2260789745.716	   0.002	8049
59940.979607	2260789802.016	   0.002	8049
59941.018716	2260810653.986	   0.034	8049
59941.018832	2260810644.685	   1.620	8049
59941.018948	2260810625.385	   1.221	8049
59941.019064	2260810609.485	   1.203	8049
59941.019179	2260810586.685	   1.070	8049
59941.019295	2260810564.585	   0.909	8049
59941.019411	2260810539.885	   1.030	8049
59941.019526	2260810513.185	   0.830	8049
59941.019642	2260810486.185	   0.714	8049
59941.019758	2260810465.385	   1.237	8049
59941.019874	2260810438.785	   0.873	8049
59941.019990	2260810412.785	   0.915	8049
59941.020105	2260810389.785	   0.783	8049
59941.020221	2260810362.685	   0.733	8049
59941.020337	2260810333.684	   0.708	8049
59941.020453	2260810303.684	   0.626	8049
59941.020568	2260810272.084	   0.589	8049
59941.020684	2260810235.584	   0.536	8049
59941.020800	2260810202.484	   0.520	8049
59941.020915	2260810167.484	   0.693	8049
59941.021031	2260810136.584	   0.636	8049
59941.021147	2260810106.084	   0.534	8049
59941.021263	2260810073.884	   0.508	8049
59941.021379	2260810034.383	   0.777	8049
59941.021494	2260810000.383	   0.704	8049
59941.021610	2260809959.583	   0.611	8049
59941.021726	2260809918.683	   0.723	8049
59941.021842	2260809878.683	   0.652	8049
59941.021957	2260809832.983	   0.585	8049
59941.022073	2260809793.383	   0.717	8049
59941.022189	2260809754.183	   0.730	8049
59941.022304	2260809716.382	   0.549	8049
59941.022420	2260809668.582	   0.542	8049
59941.022536	2260809627.982	   0.561	8049
59941.022652	2260809584.382	   0.577	8049
59941.022767	2260809536.082	   0.577	8049
59941.022883	2260809489.182	   0.293	8049
59941.022999	2260809441.581	   0.303	8049
59941.023115	2260809391.481	   0.247	8049
59941.023230	2260809333.081	   0.277	8049
59941.023346	2260809290.081	   0.225	8049
59941.023462	2260809241.481	   0.253	8049
59941.023578	2260809195.081	   0.211	8049
59941.023693	2260809144.580	   0.211	8049
59941.023809	2260809090.880	   0.199	8049
59941.023925	2260809040.180	   0.184	8049
59941.024041	2260808983.580	   0.165	8049
59941.024156	2260808927.080	   0.181	8049
59941.024272	2260808866.680	   0.384	8049
59941.024388	2260808806.879	   0.425	8049
59941.024503	2260808748.279	   0.524	8049
59941.024619	2260808694.479	   0.449	8049
59941.024735	2260808644.679	   0.416	8049
59941.024851	2260808585.079	   0.437	8049
59941.024967	2260808521.778	   0.421	8049
59941.025082	2260808466.378	   0.466	8049
59941.025198	2260808407.678	   0.394	8049
59941.025314	2260808340.478	   0.422	8049
59941.025429	2260808275.478	   0.410	8049
59941.025545	2260808208.877	   0.462	8049
59941.025661	2260808140.377	   0.267	8049
59941.025777	2260808079.477	   0.297	8049
59941.025892	2260808019.377	   0.251	8049
59941.026008	2260807950.677	   0.252	8049
59941.026124	2260807884.076	   0.286	8049
59941.026240	2260807817.876	   0.254	8049
59941.026355	2260807753.476	   0.249	8049
59941.026471	2260807687.776	   0.229	8049
59941.026587	2260807617.675	   0.227	8049
59941.026703	2260807548.375	   0.221	8049
59941.026818	2260807475.775	   0.204	8049
59941.026934	2260807403.475	   0.206	8049
59941.027050	2260807326.074	   0.355	8049
59941.027166	2260807257.174	   0.356	8049
59941.027281	2260807184.374	   0.326	8049
59941.027397	2260807111.074	   0.385	8049
59941.027513	2260807039.073	   0.353	8049
59941.027629	2260806967.173	   0.360	8049
59941.027745	2260806889.973	   0.361	8049
59941.027860	2260806819.473	   0.336	8049
59941.027976	2260806736.372	   0.301	8049
59941.028091	2260806662.772	   0.332	8049
59941.028207	2260806583.272	   0.328	8049
59941.028323	2260806501.072	   0.344	8049
59941.028439	2260806423.571	   0.302	8049
59941.028554	2260806346.171	   0.332	8049
59941.028670	2260806263.771	   0.364	8049
59941.028786	2260806182.871	   0.315	8049
59941.028902	2260806105.670	   0.331	8049
59941.029017	2260806031.570	   0.307	8049
59941.029133	2260805947.270	   0.304	8049
59941.029249	2260805863.170	   0.279	8049
59941.029365	2260805782.669	   0.289	8049
59941.029480	2260805701.469	   0.263	8049
59941.029596	2260805610.169	   0.247	8049
59941.029712	2260805522.968	   0.283	8049
59941.029828	2260805437.568	   0.267	8049
59941.029944	2260805349.568	   0.242	8049
59941.030059	2260805264.768	   0.253	8049
59941.030175	2260805187.467	   0.281	8049
59941.030291	2260805095.167	   0.242	8049
59941.030406	2260805007.267	   0.264	8049
59941.030522	2260804924.066	   0.239	8049
59941.030638	2260804842.166	   0.225	8049
59941.030754	2260804750.466	   0.235	8049
59941.030869	2260804659.266	   0.245	8049
59941.030985	2260804573.365	   0.211	8049
59941.031101	2260804480.465	   0.214	8049
59941.031216	2260804387.465	   0.266	8049
59941.031332	2260804298.364	   0.294	8049
59941.031448	2260804199.464	   0.292	8049
59941.031564	2260804115.564	   0.280	8049
59941.031679	2260804018.063	   0.295	8049
59941.031795	2260803929.163	   0.278	8049
59941.031911	2260803838.563	   0.264	8049
59941.032027	2260803747.462	   0.271	8049
59941.032142	2260803653.262	   0.306	8049
59941.032258	2260803565.362	   0.284	8049
59941.032374	2260803470.762	   0.273	8049
59941.032490	2260803378.861	   0.274	8049
59941.032605	2260803293.661	   0.195	8049
59941.032721	2260803184.861	   0.187	8049
59941.032837	2260803091.160	   0.170	8049
59941.032953	2260802998.260	   0.149	8049
59941.033068	2260802901.060	   0.157	8049
59941.033184	2260802804.359	   0.153	8049
59941.033300	2260802706.159	   0.143	8049
59941.033416	2260802602.159	   0.156	8049
59941.033531	2260802507.158	   0.149	8049
59941.033647	2260802410.958	   0.144	8049
59941.033763	2260802320.058	   0.150	8049
59941.033879	2260802223.657	   0.136	8049
59941.033995	2260802117.757	   0.278	8049
59941.034110	2260802026.957	   0.271	8049
59941.034226	2260801932.756	   0.288	8049
59941.034342	2260801831.256	   0.263	8049
59941.034457	2260801742.356	   0.262	8049
59941.034573	2260801634.455	   0.261	8049
59941.034689	2260801532.455	   0.262	8049
59941.034804	2260801441.455	   0.273	8049
59941.034920	2260801343.954	   0.245	8049
59941.035036	2260801239.454	   0.263	8049
59941.035152	2260801141.254	   0.259	8049
59941.035267	2260801038.753	   0.262	8049
59941.035383	2260800948.553	   0.263	8049
59941.035499	2260800841.453	   0.162	8049
59941.035614	2260800746.952	   0.151	8049
59941.035730	2260800640.852	   0.143	8049
59941.035846	2260800541.152	   0.146	8049
59941.035962	2260800436.851	   0.140	8049
59941.036078	2260800335.651	   0.135	8049
59941.036193	2260800235.651	   0.128	8049
59941.036309	2260800132.750	   0.136	8049
59941.036425	2260800040.450	   0.132	8049
59941.036541	2260799935.650	   0.132	8049
59941.036656	2260799834.049	   0.125	8049
59941.036772	2260799739.849	   0.125	8049
59941.036888	2260799640.849	   0.248	8049
59941.037004	2260799532.648	   0.257	8049
59941.037119	2260799439.548	   0.244	8049
59941.037235	2260799339.548	   0.255	8049
59941.037351	2260799233.647	   0.273	8049
59941.037466	2260799137.247	   0.258	8049
59941.037582	2260799037.247	   0.271	8049
59941.037698	2260798944.746	   0.253	8049
59941.037814	2260798832.146	   0.234	8049
59941.037929	2260798732.846	   0.284	8049
59941.038045	2260798631.145	   0.261	8049
59941.038161	2260798529.645	   0.264	8049
59941.038277	2260798432.245	   0.137	8049
59941.038392	2260798340.244	   0.139	8049
59941.038508	2260798241.544	   0.148	8049
59941.038624	2260798132.644	   0.127	8049
59941.038740	2260798040.043	   0.126	8049
59941.038855	2260797929.343	   0.119	8049
59941.038971	2260797837.943	   0.121	8049
59941.039087	2260797732.642	   0.144	8049
59941.039203	2260797640.342	   0.116	8049
59941.039318	2260797538.542	   0.117	8049
59941.039434	2260797426.941	   0.112	8049
59941.039550	2260797328.841	   0.118	8049
59941.039665	2260797233.841	   0.296	8049
59941.039781	2260797132.840	   0.315	8049
59941.039897	2260797044.140	   0.281	8049
59941.040013	2260796941.040	   0.289	8049
59941.040129	2260796839.039	   0.300	8049
59941.040244	2260796742.339	   0.293	8049
59941.040360	2260796643.339	   0.273	8049
59941.040476	2260796541.638	   0.285	8049
59941.040591	2260796449.538	   0.285	8049
59941.040707	2260796355.038	   0.270	8049
59941.040823	2260796268.838	   0.258	8049
59941.040939	2260796167.537	   0.290	8049
59941.041054	2260796071.637	   0.273	8049
59941.041170	2260795974.137	   0.240	8049
59941.041286	2260795885.936	   0.243	8049
59941.041402	2260795781.436	   0.254	8049
59941.041517	2260795687.936	   0.255	8049
59941.041633	2260795584.935	   0.304	8049
59941.041749	2260795493.335	   0.275	8049
59941.041865	2260795397.535	   0.303	8049
59941.041980	2260795309.634	   0.292	8049
59941.042096	2260795207.734	   0.288	8049
59941.042212	2260795116.534	   0.289	8049
59941.042328	2260795027.633	   0.273	8049
59941.042443	2260794936.033	   0.283	8049
59941.042559	2260794844.533	   0.272	8049
59941.042675	2260794752.033	   0.235	8049
59941.042791	2260794667.032	   0.218	8049
59941.042906	2260794576.732	   0.238	8049
59941.043022	2260794484.532	   0.227	8049
59941.043138	2260794391.131	   0.257	8049
59941.043253	2260794301.431	   0.262	8049
59941.043369	2260794201.331	   0.271	8049
59941.043485	2260794115.430	   0.295	8049
59941.043601	2260794024.730	   0.282	8049
59941.043716	2260793938.430	   0.262	8049
59941.043832	2260793856.330	   0.294	8049
59941.043948	2260793762.229	   0.310	8049
59941.044064	2260793676.229	   0.291	8049
59941.044179	2260793593.229	   0.295	8049
59941.044295	2260793504.228	   0.303	8049
59941.044411	2260793422.928	   0.300	8049
59941.044527	2260793344.228	   0.293	8049
59941.044642	2260793258.528	   0.316	8049
59941.044758	2260793171.727	   0.316	8049
59941.044874	2260793089.327	   0.344	8049
59941.044990	2260792999.027	   0.343	8049
59941.045105	2260792920.626	   0.348	8049
59941.045221	2260792836.026	   0.343	8049
59941.045337	2260792751.626	   0.236	8049
59941.045453	2260792673.426	   0.218	8049
59941.045568	2260792591.725	   0.217	8049
59941.045684	2260792514.125	   0.208	8049
59941.045800	2260792439.825	   0.217	8049
59941.045915	2260792359.325	   0.255	8049
59941.046031	2260792283.024	   0.210	8049
59941.046147	2260792199.524	   0.201	8049
59941.046263	2260792125.924	   0.243	8049
59941.046378	2260792043.223	   0.230	8049
59941.046494	2260791970.323	   0.207	8049
59941.046610	2260791882.523	   0.231	8049
59941.046726	2260791823.723	   0.350	8049
59941.046841	2260791744.322	   0.341	8049
59941.046957	2260791675.522	   0.353	8049
59941.047073	2260791600.022	   0.393	8049
59941.047189	2260791535.622	   0.351	8049
59941.047304	2260791466.722	   0.418	8049
59941.047420	2260791390.521	   0.369	8049
59941.047536	2260791316.321	   0.344	8049
59941.047652	2260791246.521	   0.422	8049
59941.047767	2260791174.521	   0.366	8049
59941.047883	2260791106.620	   0.352	8049
59941.047999	2260791035.720	   0.415	8049
59941.048115	2260790975.620	   0.338	8049
59941.048230	2260790903.220	   0.326	8049
59941.048346	2260790841.819	   0.345	8049
59941.048462	2260790775.019	   0.322	8049
59941.048578	2260790720.319	   0.323	8049
59941.048693	2260790656.719	   0.348	8049
59941.048809	2260790588.319	   0.288	8049
59941.048925	2260790524.618	   0.289	8049
59941.049040	2260790456.818	   0.297	8049
59941.049156	2260790396.318	   0.291	8049
59941.049272	2260790337.818	   0.281	8049
59941.049388	2260790279.718	   0.291	8049
59941.049504	2260790217.817	   0.493	8049
59941.049619	2260790166.317	   0.558	8049
59941.049735	2260790112.617	   0.594	8049
59941.049851	2260790054.017	   0.600	8049
59941.049966	2260790003.717	   0.444	8049
59941.050082	2260789941.216	   0.496	8049
59941.050198	2260789886.916	   0.556	8049
59941.050314	2260789830.816	   0.461	8049
59941.050429	2260789776.316	   0.544	8049
59941.050545	2260789726.216	   0.594	8049
59941.050661	2260789673.316	   0.538	8049
59941.050777	2260789622.915	   0.537	8049
59941.050892	2260789581.215	   0.421	8049
59941.051008	2260789531.715	   0.355	8049
59941.051124	2260789488.115	   0.431	8049
59941.051240	2260789438.115	   0.336	8049
59941.051355	2260789389.615	   0.364	8049
59941.051471	2260789338.914	   0.380	8049
59941.051587	2260789297.514	   0.345	8049
59941.051703	2260789247.814	   0.432	8049
59941.051818	2260789207.014	   0.427	8049
59941.051934	2260789168.014	   0.384	8049
59941.052050	2260789125.314	   0.399	8049
59941.052166	2260789084.614	   0.426	8049
59941.052281	2260789049.213	   0.761	8049
59941.052397	2260789011.713	   0.712	8049
59941.052513	2260788971.513	   0.680	8049
59941.052629	2260788927.813	   0.811	8049
59941.052744	2260788889.313	   0.711	8049
59941.052860	2260788851.313	   0.822	8049
59941.052976	2260788818.713	   0.835	8049
59941.053091	2260788784.113	   0.904	8049
59941.053207	2260788753.713	   0.966	8049
59941.053323	2260788722.312	   0.946	8049
59941.053439	2260788696.012	   1.372	8049
59941.053554	2260788662.312	   0.960	8049
59941.053670	2260788631.512	   0.760	8049
59941.053786	2260788598.712	   0.663	8049
59941.053902	2260788566.412	   0.648	8049
59941.054018	2260788543.512	   0.711	8049
59941.054133	2260788514.412	   0.718	8049
59941.054249	2260788489.512	   0.780	8049
59941.054365	2260788466.712	   0.911	8049
59941.054480	2260788444.011	   0.783	8049
59941.054596	2260788424.711	   0.963	8049
59941.054712	2260788400.811	   0.601	8049
59941.054828	2260788374.511	   0.801	8049
59941.054943	2260788353.711	   0.783	8049
59941.055059	2260788331.911	   1.434	8049
59941.055175	2260788312.111	   1.807	8049
59941.055291	2260788295.211	   1.637	8049
59941.055406	2260788279.211	   2.347	8049
59941.055522	2260788264.711	   2.217	8049
59941.055638	2260788252.211	   2.977	8049
59941.055754	2260788241.411	   3.595	8049
59941.055869	2260788224.711	   1.819	8049
59941.055985	2260788210.211	   2.056	8049
59941.056101	2260788195.411	   2.360	8049
59941.056216	2260788183.511	   4.023	8049
59941.056332	2260788172.411	   2.821	8049
59941.056448	2260788164.011	   2.552	8049
59941.056564	2260788155.811	   2.748	8049
59941.056679	2260788150.311	   6.998	8049
59941.056795	2260788147.110	   6.132	8049
59941.056911	2260788145.110	  11.955	8049
59941.057027	2260788137.210	   2.367	8049
59941.057142	2260788129.310	   4.418	8049
59941.057258	2260788124.110	   3.988	8049
59941.057374	2260788121.410	   5.290	8049
59941.057490	2260788119.310	  19.446	8049
59941.057605	2260788119.110	  20.852	8049
59941.057721	2260788120.510	   4.593	8049
59941.057837	2260788124.310	   5.159	8049
59941.057953	2260788130.110	   3.955	8049
59941.058068	2260788135.010	  18.558	8049
59941.058184	2260788135.410	  19.211	8049
59941.058300	2260788137.410	   8.278	8049
59941.058416	2260788140.910	   4.985	8049
59941.058531	2260788145.710	   2.865	8049
59941.058647	2260788152.511	   1.645	8049
59941.058763	2260788162.411	   1.271	8049
59941.058879	2260788174.411	   1.342	8049
59941.058994	2260788185.411	   0.798	8049
59941.059110	2260788200.311	   0.728	8049
59941.059226	2260788212.711	   1.194	8049
59941.059342	2260788221.611	   1.105	8049
59941.059457	2260788234.011	   0.678	8049
59941.059573	2260788245.111	   0.721	8049
59941.059689	2260788258.411	   0.415	8049
59941.059804	2260788276.011	   0.351	8049
59941.059920	2260788290.811	   0.280	8049
59941.060036	2260788310.611	   0.198	8049
59941.060152	2260788332.011	   0.142	8049
59941.060268	2260788355.411	   0.108	8049
59941.060383	2260788375.811	   0.132	8049
59941.060499	2260788393.011	   0.101	8049
59941.060615	2260788413.911	   0.070	8049
59941.060730	2260788433.311	   0.034	8049
59941.060846	2260788457.012	   0.020	8049
59941.060962	2260788481.412	   0.014	8049
59941.061078	2260788506.812	   0.011	8049
59941.061193	2260788535.412	   0.007	8049
59941.061309	2260788562.712	   0.004	8049
59941.061425	2260788589.812	   0.002	8049
59941.061541	2260788626.012	   0.002	8049
59941.061656	2260788650.212	   0.002	8049
59941.061772	2260788674.712	   0.002	8049
59941.061888	2260788711.312	   0.002	8049
59941.062004	2260788738.312	   0.003	8049
59941.062119	2260788773.513	   0.004	8049
59941.062235	2260788806.513	   0.006	8049
59941.062351	2260788828.813	   0.002	8049
59941.101471	2260809490.482	   0.566	8049
59941.101587	2260809472.382	   0.534	8049
59941.101703	2260809454.582	   0.440	8049
59941.101818	2260809434.281	   0.371	8049
59941.101934	2260809412.781	   0.427	8049
59941.102050	2260809387.781	   0.328	8049
59941.102166	2260809363.881	   0.314	8049
59941.102281	2260809333.381	   0.282	8049
59941.102397	2260809309.681	   0.344	8049
59941.102513	2260809286.981	   0.422	8049
59941.102628	2260809262.281	   0.370	8049
59941.102744	2260809239.181	   0.458	8049
59941.102860	2260809214.081	   0.399	8049
59941.102976	2260809181.881	   0.385	8049
59941.103092	2260809150.781	   0.486	8049
59941.103207	2260809119.880	   0.447	8049
59941.103323	2260809084.980	   0.328	8049
59941.103439	2260809049.180	   0.333	8049
59941.103555	2260809017.080	   0.443	8049
59941.103670	2260808986.680	   0.413	8049
59941.103786	2260808953.880	   0.340	8049
59941.103902	2260808920.180	   0.399	8049
59941.104018	2260808884.880	   0.402	8049
59941.104133	2260808850.180	   0.342	8049
59941.104249	2260808810.379	   0.301	8049
59941.104365	2260808773.479	   0.242	8049
59941.104480	2260808729.079	   0.237	8049
59941.104596	2260808684.379	   0.228	8049
59941.104712	2260808639.179	   0.247	8049
59941.104828	2260808606.279	   0.254	8049
59941.104943	2260808567.779	   0.224	8049
59941.105059	2260808523.678	   0.238	8049
59941.105175	2260808483.778	   0.206	8049
59941.105291	2260808437.078	   0.188	8049
59941.105406	2260808394.178	   0.191	8049
59941.105522	2260808342.278	   0.182	8049
59941.105638	2260808296.078	   0.293	8049
59941.105754	2260808245.277	   0.294	8049
59941.105869	2260808193.877	   0.288	8049
59941.105985	2260808145.277	   0.327	8049
59941.106101	2260808097.777	   0.297	8049
59941.106216	2260808052.777	   0.331	8049
59941.106332	2260807998.877	   0.273	8049
59941.106448	2260807947.876	   0.264	8049
59941.106564	2260807896.976	   0.266	8049
59941.106680	2260807836.876	   0.274	8049
59941.106795	2260807789.176	   0.274	8049
59941.106911	2260807730.076	   0.291	8049
59941.107027	2260807669.476	   0.184	8049
59941.107142	2260807613.075	   0.167	8049
59941.107258	2260807555.275	   0.211	8049
59941.107374	2260807503.775	   0.201	8049
59941.107490	2260807443.275	   0.177	8049
59941.107605	2260807385.375	   0.208	8049
59941.107721	2260807328.574	   0.179	8049
59941.107837	2260807267.274	   0.162	8049
59941.107953	2260807203.074	   0.152	8049
59941.108068	2260807137.974	   0.141	8049
59941.108184	2260807077.574	   0.155	8049
59941.108300	2260807010.573	   0.148	8049
59941.108415	2260806945.273	   0.218	8049
59941.108531	2260806884.573	   0.253	8049
59941.108647	2260806818.673	   0.243	8049
59941.108763	2260806755.473	   0.238	8049
59941.108878	2260806686.472	   0.226	8049
59941.108994	2260806619.272	   0.216	8049
59941.109110	2260806557.272	   0.252	8049
59941.109226	2260806487.672	   0.205	8049
59941.109342	2260806416.471	   0.210	8049
59941.109457	2260806345.171	   0.252	8049
59941.109573	2260806279.771	   0.219	8049
59941.109689	2260806206.671	   0.196	8049
59941.109804	2260806120.370	   0.159	8049
59941.109920	2260806055.170	   0.162	8049
59941.110036	2260805989.970	   0.133	8049
59941.110152	2260805914.070	   0.139	8049
59941.110267	2260805841.169	   0.137	8049
59941.110383	2260805768.269	   0.149	8049
59941.110499	2260805692.569	   0.123	8049
59941.110615	2260805622.169	   0.131	8049
59941.110730	2260805541.968	   0.111	8049
59941.110846	2260805466.968	   0.101	8049
59941.110962	2260805387.068	   0.114	8049
59941.111078	2260805303.968	   0.099	8049
59941.111193	2260805220.367	   0.108	8049
59941.111309	2260805141.567	   0.121	8049
59941.111425	2260805066.167	   0.120	8049
59941.111540	2260804987.967	   0.123	8049
59941.111656	2260804911.866	   0.122	8049
59941.111772	2260804829.666	   0.115	8049
59941.111888	2260804749.666	   0.108	8049
59941.112004	2260804664.166	   0.093	8049
59941.112119	2260804582.565	   0.100	8049
59941.112235	2260804501.565	   0.089	8049
59941.112351	2260804417.765	   0.102	8049
59941.112466	2260804332.464	   0.091	8049
59941.112582	2260804240.264	   0.048	8049
59941.112698	2260804153.664	   0.042	8049
59941.112814	2260804075.164	   0.043	8049
59941.112930	2260803990.163	   0.038	8049
59941.113045	2260803901.863	   0.043	8049
59941.113161	2260803820.963	   0.039	8049
59941.113277	2260803724.762	   0.032	8049
59941.113392	2260803649.962	   0.031	8049
59941.113508	2260803559.362	   0.028	8049
59941.113624	2260803463.762	   0.026	8049
59941.113740	2260803379.661	   0.023	8049
59941.113855	2260803291.361	   0.021	8049
59941.113971	2260803202.361	   0.062	8049
59941.114087	2260803104.760	   0.017	8049
59941.114203	2260803007.060	   0.016	8049
59941.114318	2260802920.660	   0.013	8049
59941.114434	2260802832.359	   0.013	8049
59941.114550	2260802738.359	   0.011	8049
59941.114666	2260802651.059	   0.012	8049
59941.114781	2260802565.259	   0.009	8049
59941.114897	2260802469.358	   0.009	8049
59941.115013	2260802371.158	   0.008	8049
59941.115129	2260802285.858	   0.007	8049
59941.115244	2260802203.157	   0.006	8049
59941.115360	2260802090.457	   0.053	8049
59941.115476	2260801999.757	   0.005	8049
59941.115592	2260801904.456	   0.005	8049
59941.115707	2260801818.856	   0.005	8049
59941.115823	2260801722.056	   0.003	8049
59941.115939	2260801623.055	   0.002	8049
59941.116055	2260801529.755	   0.002	8049
59941.116633	2260801041.953	   0.002	8049
59941.116749	2260800931.753	   0.020	8049
59941.116865	2260800852.753	   0.040	8049
59941.116980	2260800755.253	   0.041	8049
59941.117096	2260800654.152	   0.036	8049
59941.117212	2260800561.852	   0.036	8049
59941.117328	2260800469.052	   0.038	8049
59941.117443	2260800366.251	   0.038	8049
59941.117559	2260800262.651	   0.035	8049
59941.117675	2260800171.251	   0.036	8049
59941.117790	2260800080.850	   0.035	8049
59941.117906	2260799974.650	   0.035	8049
59941.118022	2260799869.950	   0.035	8049
59941.118138	2260799776.149	   0.032	8049
59941.118254	2260799677.349	   0.009	8049
59941.118369	2260799572.249	   0.011	8049
59941.118485	2260799479.448	   0.011	8049
59941.118601	2260799381.348	   0.012	8049
59941.118717	2260799275.348	   0.014	8049
59941.118832	2260799178.147	   0.028	8049
59941.118948	2260799071.147	   0.026	8049
59941.119064	2260798974.147	   0.028	8049
59941.119180	2260798873.346	   0.028	8049
59941.119295	2260798774.146	   0.029	8049
59941.119411	2260798684.346	   0.027	8049
59941.119527	2260798574.345	   0.028	8049
59941.119643	2260798472.245	   0.025	8049
59941.119758	2260798379.445	   0.024	8049
59941.119874	2260798273.344	   0.024	8049
59941.119990	2260798182.944	   0.029	8049
59941.120105	2260798081.344	   0.030	8049
59941.120221	2260797985.643	   0.030	8049
59941.120337	2260797880.843	   0.029	8049
59941.120452	2260797779.543	   0.031	8049
59941.120568	2260797681.742	   0.028	8049
59941.120800	2260797482.842	   0.034	8049
59941.120916	2260797386.841	   0.032	8049
59941.121031	2260797286.441	   0.027	8049
59941.121147	2260797184.941	   0.031	8049
59941.121263	2260797092.440	   0.031	8049
59941.121379	2260796989.940	   0.025	8049
59941.121494	2260796899.840	   0.026	8049
59941.121610	2260796796.139	   0.025	8049
59941.121726	2260796698.739	   0.023	8049
59941.121842	2260796598.739	   0.027	8049
59941.121958	2260796503.138	   0.025	8049
59941.122073	2260796407.138	   0.028	8049
59941.122189	2260796301.738	   0.028	8049
59941.122305	2260796209.137	   0.028	8049
59941.122421	2260796109.837	   0.030	8049
59941.122536	2260796002.037	   0.027	8049
59941.122652	2260795901.436	   0.032	8049
59941.122767	2260795810.436	   0.032	8049
59941.122883	2260795717.836	   0.030	8049
59941.122999	2260795612.335	   0.030	8049
59941.123115	2260795519.535	   0.030	8049
59941.123230	2260795422.735	   0.030	8049
59941.123346	2260795331.334	   0.031	8049
59941.123462	2260795229.134	   0.033	8049
59941.123578	2260795138.434	   0.033	8049
59941.123693	2260795045.533	   0.033	8049
59941.123809	2260794951.533	   0.037	8049
59941.123925	2260794853.033	   0.035	8049
59941.124041	2260794762.433	   0.037	8049
59941.124156	2260794677.632	   0.044	8049
59941.124272	2260794575.432	   0.037	8049
59941.124388	2260794484.932	   0.039	8049
59941.124504	2260794389.831	   0.040	8049
59941.124619	2260794284.531	   0.041	8049
59941.124735	2260794194.331	   0.044	8049
59941.124851	2260794110.430	   0.039	8049
59941.124967	2260794014.830	   0.038	8049
59941.125082	2260793918.830	   0.036	8049
59941.125198	2260793824.029	   0.030	8049
59941.125314	2260793740.429	   0.034	8049
59941.125429	2260793650.729	   0.036	8049
59941.125545	2260793561.629	   0.043	8049
59941.125661	2260793470.628	   0.042	8049
59941.125777	2260793388.228	   0.044	8049
59941.125892	2260793301.528	   0.051	8049
59941.126008	2260793212.727	   0.043	8049
59941.126124	2260793121.527	   0.047	8049
59941.126240	2260793026.927	   0.046	8049
59941.126355	2260792941.126	   0.048	8049
59941.126471	2260792852.826	   0.044	8049
59941.126587	2260792767.126	   0.044	8049
59941.126703	2260792679.726	   0.039	8049
59941.126818	2260792598.725	   0.041	8049
59941.126934	2260792508.725	   0.042	8049
59941.127050	2260792427.725	   0.041	8049
59941.127166	2260792340.424	   0.043	8049
59941.127281	2260792261.324	   0.045	8049
59941.127397	2260792179.824	   0.043	8049
59941.127513	2260792101.324	   0.045	8049
59941.127629	2260792016.623	   0.043	8049
59941.127745	2260791937.923	   0.039	8049
59941.127860	2260791847.523	   0.035	8049
59941.127976	2260791769.823	   0.037	8049
59941.128092	2260791685.322	   0.032	8049
59941.128207	2260791606.022	   0.038	8049
59941.128323	2260791528.622	   0.031	8049
59941.128439	2260791453.522	   0.034	8049
59941.128555	2260791376.021	   0.035	8049
59941.128670	2260791294.021	   0.034	8049
59941.128786	2260791222.521	   0.038	8049
59941.128902	2260791158.021	   0.033	8049
59941.129018	2260791076.420	   0.034	8049
59941.129133	2260790998.120	   0.034	8049
59941.129249	2260790923.720	   0.028	8049
59941.129365	2260790839.919	   0.033	8049
59941.129480	2260790772.719	   0.016	8049
59941.129596	2260790692.719	   0.016	8049
59941.129712	2260790624.619	   0.033	8049
59941.129828	2260790553.119	   0.035	8049
59941.129943	2260790483.218	   0.034	8049
59941.130059	2260790415.018	   0.041	8049
59941.130175	2260790345.918	   0.036	8049
59941.130291	2260790283.818	   0.043	8049
59941.130406	2260790212.317	   0.038	8049
59941.130522	2260790146.917	   0.035	8049
59941.130638	2260790081.817	   0.036	8049
59941.130754	2260790002.917	   0.037	8049
59941.130869	2260789941.716	   0.016	8049
59941.130985	2260789877.216	   0.014	8049
59941.131101	2260789810.116	   0.012	8049
59941.131217	2260789752.716	   0.011	8049
59941.131332	2260789691.816	   0.010	8049
59941.131448	2260789629.915	   0.009	8049
59941.131564	2260789570.015	   0.010	8049
59941.131680	2260789513.315	   0.011	8049
59941.131795	2260789443.915	   0.009	8049
59941.131911	2260789386.915	   0.008	8049
59941.132027	2260789324.814	   0.009	8049
59941.132142	2260789268.414	   0.012	8049
59941.132258	2260789217.214	   0.008	8049
59941.132374	2260789148.814	   0.009	8049
59941.132490	2260789102.814	   0.009	8049
59941.132605	2260789046.413	   0.009	8049
59941.132721	2260788994.113	   0.012	8049
59941.132837	2260788950.413	   0.011	8049
59941.132953	2260788883.613	   0.010	8049
59941.133068	2260788830.213	   0.036	8049
59941.133184	2260788783.613	   0.042	8049
59941.133300	2260788729.412	   0.043	8049
59941.133416	2260788674.912	   0.039	8049
59941.133532	2260788629.912	   0.041	8049
59941.133648	2260788584.612	   0.016	8049
59941.133763	2260788536.212	   0.021	8049
59941.133879	2260788496.212	   0.019	8049
59941.133994	2260788448.611	   0.025	8049
59941.134110	2260788404.311	   0.029	8049
59941.134226	2260788361.611	   0.031	8049
59941.134341	2260788310.911	   0.032	8049
59941.134457	2260788270.611	   0.038	8049
59941.134573	2260788226.311	   0.044	8049
59941.134689	2260788186.211	   0.035	8049
59941.134805	2260788147.310	   0.040	8049
59941.134920	2260788108.310	   0.048	8049
59941.135036	2260788070.210	   0.045	8049
59941.135152	2260788034.010	   0.048	8049
59941.135267	2260788004.310	   0.048	8049
59941.135383	2260787959.710	   0.047	8049
59941.135499	2260787923.710	   0.053	8049
59941.135615	2260787887.010	   0.061	8049
59941.135731	2260787851.410	   0.065	8049
59941.135847	2260787820.009	   0.071	8049
59941.135962	2260787789.009	   0.077	8049
59941.136078	2260787763.909	   0.075	8049
59941.136193	2260787731.409	   0.088	8049
59941.136309	2260787704.509	   0.106	8049
59941.136425	2260787679.309	   0.098	8049
59941.136541	2260787647.609	   0.086	8049
59941.136656	2260787620.309	   0.105	8049
59941.136772	2260787589.809	   0.057	8049
59941.136888	2260787563.809	   0.064	8049
59941.137004	2260787539.408	   0.076	8049
59941.137119	2260787518.708	   0.085	8049
59941.137235	2260787497.908	   0.100	8049
59941.137351	2260787476.208	   0.109	8049
59941.137467	2260787460.808	   0.154	8049
59941.137583	2260787441.908	   0.103	8049
59941.137698	2260787419.308	   0.126	8049
59941.137814	2260787396.308	   0.159	8049
59941.137929	2260787378.208	   0.167	8049
59941.138045	2260787360.508	   0.240	8049
59941.138161	2260787345.708	   0.260	8049
59941.138277	2260787331.708	   0.309	8049
59941.138392	2260787317.908	   0.514	8049
59941.138509	2260787308.308	   0.442	8049
59941.138624	2260787299.208	   0.679	8049
59941.138740	2260787289.608	   0.335	8049
59941.138856	2260787274.108	   0.375	8049
59941.138971	2260787262.508	   0.539	8049
59941.139087	2260787251.508	   0.560	8049
59941.139203	2260787242.707	   0.864	8049
59941.139318	2260787236.907	   1.059	8049
59941.139434	2260787232.507	   1.474	8049
59941.139550	2260787228.307	   1.623	8049
59941.139666	2260787226.507	   4.710	8049
59941.139781	2260787226.707	   5.643	8049
59941.139897	2260787222.607	   0.733	8049
59941.140013	2260787217.607	   1.482	8049
59941.140129	2260787214.907	   1.788	8049
59941.140244	2260787213.207	   2.076	8049
59941.140360	2260787213.407	   4.757	8049
59941.140476	2260787215.607	   1.350	8049
59941.140591	2260787219.307	   1.060	8049
59941.140707	2260787224.707	   0.605	8049
59941.140823	2260787231.407	   0.456	8049
59941.140939	2260787239.807	   0.541	8049
59941.183416	2260808651.679	   0.048	8049
59941.183531	2260808637.879	   0.035	8049
59941.183647	2260808623.379	   0.035	8049
59941.183763	2260808607.779	   0.041	8049
59941.183879	2260808592.679	   0.032	8049
59941.183994	2260808572.479	   0.031	8049
59941.184110	2260808552.779	   0.029	8049
59941.184226	2260808531.378	   0.030	8049
59941.184342	2260808513.378	   0.038	8049
59941.184457	2260808496.778	   0.016	8049
59941.184573	2260808478.578	   0.018	8049
59941.184689	2260808454.978	   0.019	8049
59941.184804	2260808431.578	   0.018	8049
59941.184920	2260808410.778	   0.022	8049
59941.185036	2260808383.178	   0.019	8049
59941.185152	2260808357.478	   0.020	8049
59941.185267	2260808332.378	   0.018	8049
59941.185383	2260808299.578	   0.017	8049
59941.185499	2260808273.678	   0.021	8049
59941.185615	2260808246.777	   0.023	8049
59941.185730	2260808220.677	   0.020	8049
59941.185846	2260808193.477	   0.030	8049
59941.185962	2260808163.577	   0.036	8049
59941.186078	2260808132.377	   0.042	8049
59941.186193	2260808097.777	   0.031	8049
59941.186309	2260808063.977	   0.031	8049
59941.186425	2260808025.577	   0.033	8049
59941.186541	2260807991.677	   0.028	8049
59941.186656	2260807952.077	   0.033	8049
59941.186772	2260807919.476	   0.032	8049
59941.186888	2260807886.076	   0.028	8049
59941.187003	2260807850.376	   0.030	8049
59941.187119	2260807811.376	   0.027	8049
59941.187235	2260807782.276	   0.011	8049
59941.187351	2260807729.976	   0.008	8049
59941.187467	2260807696.276	   0.008	8049
59941.187582	2260807645.875	   0.009	8049
59941.187698	2260807604.575	   0.009	8049
59941.187814	2260807559.775	   0.010	8049
59941.187929	2260807512.775	   0.010	8049
59941.188045	2260807472.575	   0.008	8049
59941.188161	2260807429.875	   0.010	8049
59941.188277	2260807381.475	   0.007	8049
59941.188392	2260807340.374	   0.009	8049
59941.188508	2260807294.674	   0.007	8049
59941.188624	2260807238.974	   0.010	8049
59941.188740	2260807188.774	   0.010	8049
59941.188855	2260807139.274	   0.008	8049
59941.188971	2260807081.774	   0.008	8049
59941.189087	2260807035.173	   0.008	8049
59941.189203	2260806980.673	   0.008	8049
59941.189318	2260806926.273	   0.009	8049
59941.189434	2260806884.973	   0.007	8049
59941.189550	2260806827.073	   0.008	8049
59941.189666	2260806772.173	   0.009	8049
59941.189781	2260806709.572	   0.008	8049
59941.189897	2260806656.972	   0.006	8049
59941.190013	2260806601.072	   0.006	8049
59941.190129	2260806540.072	   0.005	8049
59941.190244	2260806473.372	   0.004	8049
59941.190360	2260806420.071	   0.004	8049
59941.190476	2260806366.171	   0.004	8049
59941.190592	2260806308.271	   0.003	8049
59941.190707	2260806242.671	   0.003	8049
59941.190823	2260806189.771	   0.004	8049
59941.190939	2260806121.170	   0.004	8049
59941.191055	2260806062.770	   0.003	8049
59941.191170	2260805999.670	   0.003	8049
59941.191286	2260805922.170	   0.004	8049
59941.191402	2260805851.870	   0.003	8049
59941.191517	2260805786.469	   0.004	8049
59941.191633	2260805719.769	   0.003	8049
59941.191749	2260805661.969	   0.005	8049
59941.191865	2260805597.369	   0.004	8049
59941.191980	2260805533.068	   0.003	8049
59941.192096	2260805469.868	   0.004	8049
59941.192212	2260805394.568	   0.003	8049
59941.192328	2260805326.568	   0.004	8049
59941.192443	2260805254.568	   0.003	8049
59941.192559	2260805188.967	   0.004	8049
59941.192675	2260805103.867	   0.005	8049
59941.192791	2260805041.967	   0.004	8049
59941.192906	2260804959.267	   0.004	8049
59941.193022	2260804874.366	   0.003	8049
59941.193138	2260804813.366	   0.005	8049
59941.193253	2260804747.366	   0.004	8049
59941.193485	2260804588.565	   0.004	8049
59941.193601	2260804515.865	   0.004	8049
59941.193716	2260804444.965	   0.003	8049
59941.193832	2260804353.765	   0.003	8049
59941.193948	2260804277.764	   0.005	8049
59941.194064	2260804199.864	   0.004	8049
59941.194180	2260804127.464	   0.003	8049
59941.194411	2260803957.863	   0.003	8049
59941.194758	2260803726.562	   0.003	8049
59941.194990	2260803562.062	   0.003	8049
