59937.784558	2260809714.297	   0.003	8049
59937.784673	2260809693.197	   0.003	8049
59937.784789	2260809669.497	   0.003	8049
59937.784906	2260809649.797	   0.005	8049
59937.785021	2260809631.797	   0.005	8049
59937.785136	2260809611.196	   0.006	8049
59937.785368	2260809568.096	   0.004	8049
59937.785483	2260809551.796	   0.004	8049
59937.785599	2260809528.396	   0.005	8049
59937.785946	2260809005.594	   0.005	8049
59937.786062	2260808981.694	   0.003	8049
59937.786294	2260808940.894	   0.005	8049
59937.786409	2260808921.894	   0.004	8049
59937.786525	2260808899.594	   0.003	8049
59937.786641	2260808884.194	   0.003	8049
59937.789535	2260808313.191	   0.003	8049
59937.789650	2260808292.591	   0.004	8049
59937.789882	2260808245.391	   0.003	8049
59937.790923	2260808041.390	   0.003	8049
59937.791155	2260808000.790	   0.003	8049
59937.791618	2260807908.590	   0.004	8049
59937.791733	2260807882.290	   0.004	8049
59937.791849	2260807859.989	   0.003	8049
59937.791965	2260807839.789	   0.004	8049
59937.792081	2260807813.989	   0.005	8049
59937.792196	2260807791.289	   0.007	8049
59937.792312	2260807765.889	   0.009	8049
59937.792428	2260807744.389	   0.007	8049
59937.792544	2260807722.389	   0.008	8049
59937.792660	2260807692.889	   0.007	8049
59937.792775	2260807672.989	   0.010	8049
59937.792891	2260807648.989	   0.008	8049
59937.793007	2260807623.488	   0.011	8049
59937.793122	2260807597.988	   0.014	8049
59937.793238	2260807576.188	   0.014	8049
59937.793354	2260807550.888	   0.014	8049
59937.793469	2260807528.188	   0.013	8049
59937.793585	2260807504.788	   0.023	8049
59937.793701	2260807480.788	   0.018	8049
59937.793817	2260807454.888	   0.022	8049
59937.793932	2260807431.188	   0.023	8049
59937.794048	2260807406.288	   0.027	8049
59937.794164	2260807382.388	   0.029	8049
59937.794279	2260807357.987	   0.027	8049
59937.794395	2260807332.287	   0.050	8049
59937.794511	2260807309.187	   0.046	8049
59937.794627	2260807285.787	   0.047	8049
59937.794742	2260807256.487	   0.045	8049
59937.794858	2260807232.587	   0.051	8049
59937.794974	2260807209.787	   0.054	8049
59937.795090	2260807184.487	   0.061	8049
59937.795205	2260807162.587	   0.066	8049
59937.795321	2260807131.687	   0.054	8049
59937.795437	2260807109.786	   0.064	8049
59937.795553	2260807084.286	   0.056	8049
59937.795669	2260807057.886	   0.055	8049
59937.795784	2260807032.386	   0.057	8049
59937.795900	2260807010.886	   0.063	8049
59937.796016	2260806986.786	   0.070	8049
59937.796131	2260806963.986	   0.054	8049
59937.796247	2260806940.686	   0.069	8049
59937.796363	2260806913.986	   0.058	8049
59937.796479	2260806891.686	   0.061	8049
59937.796594	2260806864.085	   0.058	8049
59937.796710	2260806843.585	   0.071	8049
59937.796826	2260806819.085	   0.057	8049
59937.796942	2260806795.285	   0.058	8049
59937.797057	2260806767.985	   0.049	8049
59937.797173	2260806743.785	   0.057	8049
59937.797289	2260806721.485	   0.053	8049
59937.797404	2260806697.185	   0.053	8049
59937.797520	2260806673.985	   0.054	8049
59937.797636	2260806648.885	   0.051	8049
59937.797752	2260806622.684	   0.060	8049
59937.797867	2260806601.284	   0.054	8049
59937.797983	2260806574.084	   0.065	8049
59937.798099	2260806549.184	   0.068	8049
59937.798215	2260806524.984	   0.065	8049
59937.798331	2260806501.784	   0.064	8049
59937.798446	2260806475.384	   0.075	8049
59937.798562	2260806451.884	   0.061	8049
59937.798678	2260806427.684	   0.071	8049
59937.798793	2260806400.784	   0.054	8049
59937.798909	2260806379.284	   0.060	8049
59937.799025	2260806349.683	   0.059	8049
59937.799141	2260806327.983	   0.046	8049
59937.799256	2260806301.783	   0.052	8049
59937.799372	2260806275.483	   0.039	8049
59937.799488	2260806250.583	   0.042	8049
59937.799604	2260806224.883	   0.047	8049
59937.799719	2260806198.583	   0.039	8049
59937.799835	2260806178.283	   0.033	8049
59937.799951	2260806149.683	   0.041	8049
59937.800066	2260806125.483	   0.042	8049
59937.800182	2260806102.682	   0.034	8049
59937.800298	2260806075.682	   0.036	8049
59937.800414	2260806048.482	   0.040	8049
59937.800529	2260806022.682	   0.052	8049
59937.800645	2260805998.882	   0.036	8049
59937.800761	2260805973.982	   0.036	8049
59937.800877	2260805949.882	   0.042	8049
59937.800992	2260805920.482	   0.041	8049
59937.801110	2260805898.282	   0.039	8049
59937.801225	2260805870.081	   0.037	8049
59937.801340	2260805848.281	   0.037	8049
59937.801456	2260805817.481	   0.051	8049
59937.801572	2260805797.081	   0.039	8049
59937.801688	2260805765.981	   0.046	8049
59937.801803	2260805739.681	   0.039	8049
59937.801919	2260805717.481	   0.046	8049
59937.802035	2260805690.081	   0.046	8049
59937.802150	2260805665.981	   0.059	8049
59937.802266	2260805638.981	   0.056	8049
59937.802382	2260805612.880	   0.064	8049
59937.802498	2260805586.280	   0.083	8049
59937.802614	2260805563.780	   0.068	8049
59937.802729	2260805534.380	   0.075	8049
59937.802845	2260805509.280	   0.109	8049
59937.802961	2260805484.280	   0.093	8049
59937.803076	2260805459.280	   0.107	8049
59937.803192	2260805434.480	   0.104	8049
59937.803308	2260805407.380	   0.114	8049
59937.803424	2260805377.680	   0.115	8049
59937.803539	2260805351.579	   0.134	8049
59937.803655	2260805326.479	   0.131	8049
59937.803771	2260805301.279	   0.136	8049
59937.803887	2260805276.979	   0.146	8049
59937.804002	2260805251.379	   0.140	8049
59937.804118	2260805225.979	   0.168	8049
59937.804234	2260805197.079	   0.200	8049
59937.804349	2260805175.379	   0.240	8049
59937.804465	2260805147.079	   0.242	8049
59937.804581	2260805123.578	   0.257	8049
59937.804697	2260805100.778	   0.226	8049
59937.804812	2260805072.578	   0.291	8049
59937.804928	2260805049.378	   0.277	8049
59937.805044	2260805021.678	   0.261	8049
59937.805160	2260804995.578	   0.253	8049
59937.805275	2260804971.578	   0.275	8049
59937.805391	2260804944.478	   0.283	8049
59937.805507	2260804920.378	   0.308	8049
59937.805623	2260804895.778	   0.282	8049
59937.805738	2260804867.877	   0.261	8049
59937.805854	2260804845.177	   0.310	8049
59937.805970	2260804820.277	   0.276	8049
59937.806086	2260804793.877	   0.289	8049
59937.806201	2260804767.077	   0.277	8049
59937.806317	2260804740.977	   0.257	8049
59937.806433	2260804716.077	   0.247	8049
59937.806549	2260804690.477	   0.250	8049
59937.806664	2260804663.477	   0.267	8049
59937.806780	2260804639.477	   0.240	8049
59937.806896	2260804610.576	   0.273	8049
59937.807011	2260804586.176	   0.293	8049
59937.807127	2260804560.676	   0.231	8049
59937.807243	2260804534.376	   0.225	8049
59937.807359	2260804511.576	   0.230	8049
59937.807475	2260804482.276	   0.238	8049
59937.807590	2260804458.976	   0.221	8049
59937.807706	2260804431.276	   0.220	8049
59937.807822	2260804404.876	   0.218	8049
59937.807938	2260804376.776	   0.197	8049
59937.808053	2260804352.475	   0.190	8049
59937.808169	2260804329.375	   0.134	8049
59937.808285	2260804301.475	   0.173	8049
59937.808400	2260804276.275	   0.134	8049
59937.808516	2260804248.475	   0.107	8049
59937.808632	2260804221.675	   0.102	8049
59937.808748	2260804194.675	   0.088	8049
59937.808863	2260804169.875	   0.082	8049
59937.808979	2260804142.475	   0.083	8049
59937.809095	2260804117.374	   0.079	8049
59937.809211	2260804093.574	   0.090	8049
59937.809326	2260804065.974	   0.077	8049
59937.809442	2260804040.074	   0.067	8049
59937.809558	2260804014.274	   0.066	8049
59937.809674	2260803990.174	   0.054	8049
59937.809789	2260803959.774	   0.079	8049
59937.809905	2260803933.874	   0.072	8049
59937.810021	2260803906.174	   0.073	8049
59937.810137	2260803881.774	   0.068	8049
59937.810252	2260803855.173	   0.066	8049
59937.810368	2260803829.473	   0.054	8049
59937.810484	2260803804.073	   0.051	8049
59937.810599	2260803775.673	   0.053	8049
59937.810715	2260803749.873	   0.051	8049
59937.810831	2260803723.973	   0.050	8049
59937.810947	2260803696.673	   0.049	8049
59937.811062	2260803671.473	   0.051	8049
59937.811178	2260803642.473	   0.033	8049
59937.811294	2260803617.272	   0.030	8049
59937.811410	2260803590.672	   0.025	8049
59937.811525	2260803566.772	   0.022	8049
59937.811641	2260803539.772	   0.019	8049
59937.811757	2260803513.972	   0.018	8049
59937.811873	2260803486.872	   0.018	8049
59937.811988	2260803458.372	   0.015	8049
59937.812104	2260803431.172	   0.015	8049
59937.812220	2260803399.872	   0.007	8049
59937.812336	2260803378.672	   0.008	8049
59937.812451	2260803350.771	   0.010	8049
59937.812567	2260803325.171	   0.007	8049
59937.812683	2260803298.771	   0.014	8049
59937.812799	2260803274.471	   0.014	8049
59937.812914	2260803247.071	   0.016	8049
59937.813030	2260803216.971	   0.018	8049
59937.813146	2260803190.871	   0.021	8049
59937.813262	2260803164.371	   0.018	8049
59937.813377	2260803138.371	   0.021	8049
59937.813493	2260803107.770	   0.016	8049
59937.813609	2260803085.870	   0.014	8049
59937.813724	2260803055.470	   0.015	8049
59937.813840	2260803028.870	   0.013	8049
59937.813956	2260802998.270	   0.012	8049
59937.814072	2260802974.770	   0.015	8049
59937.814187	2260802948.870	   0.015	8049
59937.814303	2260802923.370	   0.016	8049
59937.814419	2260802895.070	   0.022	8049
59937.814535	2260802867.269	   0.017	8049
59937.814650	2260802841.969	   0.016	8049
59937.814766	2260802815.469	   0.016	8049
59937.814882	2260802786.969	   0.018	8049
59937.814998	2260802763.969	   0.015	8049
59937.815113	2260802735.269	   0.015	8049
59937.815229	2260802709.669	   0.015	8049
59937.815345	2260802686.369	   0.013	8049
59937.815461	2260802655.269	   0.012	8049
59937.815576	2260802628.769	   0.011	8049
59937.815692	2260802605.468	   0.015	8049
59937.815808	2260802578.168	   0.012	8049
59937.815924	2260802553.068	   0.009	8049
59937.816039	2260802525.468	   0.009	8049
59937.816155	2260802498.768	   0.008	8049
59937.816271	2260802476.068	   0.007	8049
59937.816387	2260802446.868	   0.008	8049
59937.816502	2260802418.568	   0.007	8049
59937.816618	2260802394.868	   0.006	8049
59937.816734	2260802366.767	   0.006	8049
59937.816849	2260802341.967	   0.016	8049
59937.816965	2260802313.767	   0.014	8049
59937.817081	2260802288.967	   0.012	8049
59937.817197	2260802261.167	   0.010	8049
59937.817313	2260802234.967	   0.012	8049
59937.817428	2260802208.867	   0.012	8049
59937.817544	2260802181.467	   0.010	8049
59937.817660	2260802155.867	   0.013	8049
59937.817775	2260802126.967	   0.013	8049
59937.817891	2260802102.466	   0.013	8049
59937.818007	2260802076.166	   0.010	8049
59937.818123	2260802049.466	   0.009	8049
59937.818238	2260802022.366	   0.010	8049
59937.818354	2260801997.966	   0.015	8049
59937.818470	2260801967.666	   0.016	8049
59937.818586	2260801944.166	   0.017	8049
59937.818701	2260801913.766	   0.019	8049
59937.818817	2260801888.966	   0.020	8049
59937.818933	2260801860.165	   0.023	8049
59937.819049	2260801833.865	   0.023	8049
59937.819164	2260801806.165	   0.026	8049
59937.819280	2260801782.265	   0.026	8049
59937.819396	2260801754.465	   0.041	8049
59937.819512	2260801727.465	   0.032	8049
59937.819627	2260801703.865	   0.022	8049
59937.819743	2260801676.165	   0.005	8049
59937.819859	2260801644.365	   0.008	8049
59937.819974	2260801618.564	   0.008	8049
59937.820090	2260801591.764	   0.008	8049
59937.820206	2260801567.964	   0.007	8049
59937.820322	2260801539.864	   0.006	8049
59937.820437	2260801511.564	   0.007	8049
59937.820553	2260801487.964	   0.007	8049
59937.820669	2260801458.764	   0.007	8049
59937.820785	2260801431.664	   0.009	8049
59937.820900	2260801404.264	   0.010	8049
59937.821016	2260801375.164	   0.026	8049
59937.821132	2260801352.463	   0.029	8049
59937.821248	2260801321.763	   0.027	8049
59937.821364	2260801295.563	   0.028	8049
59937.821479	2260801269.163	   0.027	8049
59937.821595	2260801244.863	   0.027	8049
59937.821711	2260801216.863	   0.027	8049
59937.821826	2260801188.663	   0.037	8049
59937.821942	2260801161.063	   0.028	8049
59937.822058	2260801132.863	   0.035	8049
59937.822174	2260801103.862	   0.029	8049
59937.822289	2260801079.662	   0.025	8049
59937.822405	2260801054.462	   0.030	8049
59937.822521	2260801025.862	   0.011	8049
59937.822637	2260801001.262	   0.010	8049
59937.822752	2260800973.062	   0.011	8049
59937.822868	2260800943.462	   0.012	8049
59937.822984	2260800917.862	   0.011	8049
59937.823099	2260800889.762	   0.012	8049
59937.823215	2260800862.261	   0.016	8049
59937.823331	2260800834.861	   0.011	8049
59937.823447	2260800810.361	   0.011	8049
59937.823562	2260800780.161	   0.009	8049
59937.823678	2260800750.461	   0.010	8049
59937.823794	2260800724.561	   0.008	8049
59937.823910	2260800698.761	   0.010	8049
59937.824025	2260800671.361	   0.007	8049
59937.824141	2260800644.861	   0.008	8049
59937.824257	2260800618.860	   0.006	8049
59937.824373	2260800590.860	   0.007	8049
59937.824488	2260800562.460	   0.006	8049
59937.824604	2260800532.660	   0.005	8049
59937.824720	2260800506.160	   0.003	8049
59937.825067	2260800518.160	   0.003	8049
59937.825414	2260800343.859	   0.003	8049
59937.825646	2260800284.359	   0.004	8049
59937.825762	2260800262.759	   0.006	8049
59937.825877	2260800230.259	   0.007	8049
59937.825993	2260800207.759	   0.007	8049
59937.826109	2260800177.159	   0.010	8049
59937.826225	2260800146.359	   0.009	8049
59937.826340	2260800121.858	   0.011	8049
59937.826456	2260800092.158	   0.014	8049
59937.826572	2260800064.258	   0.012	8049
59937.826688	2260800036.058	   0.011	8049
59937.826803	2260800009.258	   0.016	8049
59937.826919	2260799983.858	   0.016	8049
59937.827035	2260799954.358	   0.022	8049
59937.827150	2260799926.058	   0.021	8049
59937.827266	2260799901.358	   0.025	8049
59937.827382	2260799872.857	   0.026	8049
59937.827498	2260799847.357	   0.025	8049
59937.827613	2260799820.357	   0.027	8049
59937.827729	2260799791.157	   0.030	8049
59937.827845	2260799762.157	   0.028	8049
59937.827961	2260799738.157	   0.035	8049
59937.828076	2260799709.457	   0.019	8049
59937.828192	2260799685.457	   0.023	8049
59937.828308	2260799656.157	   0.019	8049
59937.828424	2260799626.157	   0.021	8049
59937.828539	2260799599.656	   0.022	8049
59937.828655	2260799571.856	   0.023	8049
59937.828771	2260799546.956	   0.025	8049
59937.828887	2260799519.756	   0.030	8049
59937.829002	2260799493.556	   0.035	8049
59937.829118	2260799464.556	   0.041	8049
59937.829234	2260799439.556	   0.038	8049
59937.829349	2260799410.856	   0.037	8049
59937.829465	2260799381.756	   0.045	8049
59937.829581	2260799358.755	   0.050	8049
59937.829697	2260799330.655	   0.053	8049
59937.829813	2260799303.755	   0.065	8049
59937.829928	2260799276.555	   0.049	8049
59937.830044	2260799246.655	   0.047	8049
59937.830160	2260799220.255	   0.051	8049
59937.830276	2260799189.255	   0.048	8049
59937.830391	2260799167.955	   0.048	8049
59937.830507	2260799136.555	   0.058	8049
59937.830623	2260799108.754	   0.045	8049
59937.830738	2260799083.154	   0.056	8049
59937.830854	2260799059.454	   0.045	8049
59937.830970	2260799027.854	   0.041	8049
59937.831086	2260799001.754	   0.032	8049
59937.831201	2260798972.054	   0.027	8049
59937.831317	2260798947.854	   0.026	8049
59937.831433	2260798917.154	   0.023	8049
59937.831549	2260798891.354	   0.017	8049
59937.831664	2260798864.953	   0.014	8049
59937.831780	2260798837.653	   0.019	8049
59937.831896	2260798807.953	   0.008	8049
59937.832011	2260798781.653	   0.008	8049
59937.832127	2260798752.353	   0.005	8049
59937.832243	2260798725.753	   0.020	8049
59937.832359	2260798698.953	   0.022	8049
59937.832475	2260798670.353	   0.017	8049
59937.832590	2260798647.153	   0.013	8049
59937.832706	2260798615.752	   0.014	8049
59937.832822	2260798588.752	   0.013	8049
59937.832938	2260798561.752	   0.013	8049
59937.833053	2260798531.552	   0.013	8049
59937.833169	2260798506.852	   0.012	8049
59937.833285	2260798481.652	   0.015	8049
59937.833400	2260798451.052	   0.014	8049
59937.833516	2260798423.452	   0.016	8049
59937.833632	2260798398.252	   0.016	8049
59937.833748	2260798366.051	   0.015	8049
59937.833863	2260798341.551	   0.018	8049
59937.833979	2260798313.451	   0.028	8049
59937.834095	2260798285.851	   0.024	8049
59937.834211	2260798257.851	   0.023	8049
59937.834326	2260798230.851	   0.021	8049
59937.834442	2260798199.851	   0.021	8049
59937.834558	2260798177.351	   0.022	8049
59937.834673	2260798147.351	   0.019	8049
59937.834789	2260798120.150	   0.029	8049
59937.834905	2260798090.850	   0.029	8049
59937.835021	2260798061.150	   0.021	8049
59937.835137	2260798034.850	   0.030	8049
59937.835252	2260798008.550	   0.026	8049
59937.835368	2260797981.750	   0.024	8049
59937.835484	2260797951.250	   0.023	8049
59937.835600	2260797925.350	   0.025	8049
59937.835715	2260797898.850	   0.023	8049
59937.835831	2260797872.149	   0.024	8049
59937.835947	2260797841.549	   0.024	8049
59937.836062	2260797813.149	   0.028	8049
59937.836178	2260797785.849	   0.021	8049
59937.836294	2260797759.649	   0.024	8049
59937.836410	2260797730.949	   0.025	8049
59937.836525	2260797704.849	   0.026	8049
59937.836641	2260797675.549	   0.026	8049
59937.836757	2260797646.049	   0.028	8049
59937.836873	2260797616.448	   0.022	8049
59937.836988	2260797591.748	   0.027	8049
59937.837104	2260797563.248	   0.021	8049
59937.837220	2260797532.948	   0.020	8049
59937.837336	2260797509.248	   0.022	8049
59937.837451	2260797481.548	   0.018	8049
59937.837567	2260797451.748	   0.020	8049
59937.837683	2260797421.548	   0.018	8049
59937.837799	2260797394.648	   0.018	8049
59937.837914	2260797365.947	   0.015	8049
59937.838030	2260797340.447	   0.018	8049
59937.838146	2260797309.447	   0.013	8049
59937.838262	2260797283.747	   0.016	8049
59937.838377	2260797254.047	   0.014	8049
59937.838493	2260797228.947	   0.017	8049
59937.838609	2260797202.447	   0.018	8049
59937.838725	2260797170.647	   0.023	8049
59937.838840	2260797144.447	   0.020	8049
59937.838956	2260797116.346	   0.017	8049
59937.839072	2260797085.746	   0.017	8049
59937.839187	2260797060.246	   0.024	8049
59937.839303	2260797033.546	   0.019	8049
59937.839419	2260797004.646	   0.022	8049
59937.839535	2260796976.746	   0.022	8049
59937.839650	2260796949.446	   0.019	8049
59937.839766	2260796921.446	   0.026	8049
59937.839882	2260796894.946	   0.019	8049
59937.839998	2260796863.345	   0.023	8049
59937.840113	2260796836.845	   0.019	8049
59937.840229	2260796809.245	   0.022	8049
59937.840345	2260796782.045	   0.024	8049
59937.840461	2260796752.645	   0.025	8049
59937.840576	2260796723.945	   0.019	8049
59937.840692	2260796694.945	   0.012	8049
59937.840808	2260796666.645	   0.010	8049
59937.840924	2260796638.845	   0.011	8049
59937.841039	2260796613.844	   0.012	8049
59937.841155	2260796584.444	   0.014	8049
59937.841271	2260796555.644	   0.015	8049
59937.841387	2260796527.644	   0.018	8049
59937.841502	2260796499.744	   0.017	8049
59937.841618	2260796474.144	   0.015	8049
59937.841734	2260796444.744	   0.013	8049
59937.841849	2260796412.844	   0.010	8049
59937.841965	2260796391.244	   0.010	8049
59937.842081	2260796360.643	   0.009	8049
59937.842197	2260796333.043	   0.006	8049
59937.842312	2260796303.743	   0.006	8049
59937.842428	2260796276.843	   0.007	8049
59937.842544	2260796248.243	   0.007	8049
59937.842660	2260796218.543	   0.008	8049
59937.842775	2260796189.443	   0.006	8049
59937.842891	2260796163.243	   0.004	8049
59937.843007	2260796134.643	   0.004	8049
59937.843123	2260796108.942	   0.004	8049
59937.843238	2260796084.142	   0.003	8049
59937.843354	2260796051.142	   0.004	8049
59937.843470	2260796021.542	   0.004	8049
59937.843586	2260795996.442	   0.005	8049
59937.843701	2260795964.342	   0.004	8049
59937.843817	2260795939.042	   0.005	8049
59937.843933	2260795911.242	   0.004	8049
59937.844049	2260795888.242	   0.003	8049
59937.844164	2260795856.541	   0.005	8049
59937.844280	2260795825.741	   0.004	8049
59937.844396	2260795797.041	   0.006	8049
59937.844512	2260795772.741	   0.005	8049
59937.844627	2260795750.041	   0.003	8049
59937.844743	2260795719.641	   0.005	8049
59937.844859	2260795685.841	   0.006	8049
59937.844974	2260795660.741	   0.010	8049
59937.845090	2260795638.141	   0.009	8049
59937.845206	2260795607.540	   0.010	8049
59937.845322	2260795576.240	   0.011	8049
59937.845437	2260795552.440	   0.009	8049
59937.845553	2260795522.340	   0.012	8049
59937.845669	2260795495.140	   0.011	8049
59937.845785	2260795467.340	   0.011	8049
59937.845900	2260795440.640	   0.010	8049
59937.846016	2260795415.040	   0.013	8049
59937.846132	2260795387.740	   0.013	8049
59937.846248	2260795356.239	   0.009	8049
59937.846363	2260795330.039	   0.007	8049
59937.846479	2260795302.239	   0.009	8049
59937.846595	2260795272.539	   0.009	8049
59937.846711	2260795243.539	   0.009	8049
59937.846826	2260795220.739	   0.010	8049
59937.846942	2260795187.939	   0.011	8049
59937.847058	2260795164.139	   0.010	8049
59937.847174	2260795135.139	   0.010	8049
59937.847289	2260795107.038	   0.012	8049
59937.847405	2260795078.738	   0.009	8049
59937.847521	2260795051.138	   0.011	8049
59937.847637	2260795023.938	   0.012	8049
59937.847752	2260794996.638	   0.005	8049
59937.847868	2260794969.438	   0.005	8049
59937.847984	2260794944.638	   0.008	8049
59937.848100	2260794916.938	   0.004	8049
59937.848215	2260794890.938	   0.005	8049
59937.848331	2260794861.537	   0.004	8049
59937.848447	2260794838.737	   0.005	8049
59937.848562	2260794810.037	   0.007	8049
59937.848678	2260794780.137	   0.004	8049
59937.848794	2260794751.037	   0.005	8049
59937.848910	2260794721.937	   0.003	8049
59937.849025	2260794697.137	   0.003	8049
59937.849141	2260794672.537	   0.003	8049
59937.849257	2260794730.937	   0.003	8049
59937.851109	2260794207.835	   0.004	8049
59937.851224	2260794184.235	   0.003	8049
59937.851340	2260794154.835	   0.004	8049
59937.851456	2260794128.335	   0.003	8049
59937.851572	2260794099.834	   0.003	8049
59937.851688	2260794068.634	   0.004	8049
59937.851803	2260794042.934	   0.005	8049
59937.851919	2260794015.434	   0.007	8049
59937.852035	2260793988.234	   0.007	8049
59937.852150	2260793958.134	   0.007	8049
59937.852266	2260793928.434	   0.008	8049
59937.852382	2260793908.634	   0.007	8049
59937.852498	2260793878.734	   0.007	8049
59937.852614	2260793851.433	   0.008	8049
59937.852729	2260793822.533	   0.008	8049
59937.852845	2260793796.533	   0.012	8049
59937.852961	2260793772.533	   0.010	8049
59937.853076	2260793742.333	   0.010	8049
59937.853192	2260793717.233	   0.012	8049
59937.853308	2260793693.433	   0.004	8049
59937.853424	2260793660.833	   0.003	8049
59937.853539	2260793633.633	   0.005	8049
59937.853655	2260793607.232	   0.005	8049
59937.853771	2260793581.332	   0.006	8049
59937.853887	2260793552.032	   0.008	8049
59937.854002	2260793527.032	   0.008	8049
59937.854118	2260793499.132	   0.011	8049
59937.854234	2260793475.032	   0.014	8049
59937.854350	2260793446.532	   0.013	8049
59937.854465	2260793420.632	   0.016	8049
59937.854581	2260793392.432	   0.017	8049
59937.854697	2260793367.431	   0.022	8049
59937.854812	2260793339.931	   0.020	8049
59937.854928	2260793315.931	   0.018	8049
59937.855044	2260793288.431	   0.026	8049
59937.855160	2260793260.731	   0.020	8049
59937.855276	2260793235.231	   0.019	8049
59937.855391	2260793209.731	   0.018	8049
59937.855507	2260793187.231	   0.019	8049
59937.855623	2260793157.231	   0.021	8049
59937.855738	2260793135.031	   0.021	8049
59937.855854	2260793105.230	   0.016	8049
59937.855970	2260793079.730	   0.019	8049
59937.856086	2260793053.230	   0.023	8049
59937.856201	2260793031.530	   0.026	8049
59937.856317	2260793003.530	   0.030	8049
59937.856433	2260792980.430	   0.028	8049
59937.856549	2260792954.230	   0.033	8049
59937.856664	2260792929.230	   0.038	8049
59937.856780	2260792902.630	   0.041	8049
59937.856896	2260792878.730	   0.040	8049
59937.857012	2260792852.929	   0.034	8049
59937.857127	2260792825.929	   0.039	8049
59937.857243	2260792802.729	   0.039	8049
59937.857359	2260792775.429	   0.033	8049
59937.857475	2260792750.029	   0.040	8049
59937.857590	2260792721.729	   0.030	8049
59937.857706	2260792693.129	   0.027	8049
59937.857822	2260792669.029	   0.025	8049
59937.857938	2260792643.229	   0.031	8049
59937.858053	2260792617.628	   0.033	8049
59937.858169	2260792592.828	   0.035	8049
59937.858285	2260792566.028	   0.039	8049
59937.858401	2260792540.128	   0.040	8049
59937.858516	2260792516.328	   0.046	8049
59937.858632	2260792491.128	   0.035	8049
59937.858748	2260792464.628	   0.038	8049
59937.858863	2260792442.128	   0.041	8049
59937.858979	2260792413.128	   0.034	8049
59937.859095	2260792388.228	   0.047	8049
59937.859211	2260792365.627	   0.048	8049
59937.859326	2260792338.827	   0.044	8049
59937.859442	2260792316.227	   0.039	8049
59937.859558	2260792292.727	   0.051	8049
59937.859674	2260792268.827	   0.049	8049
59937.859789	2260792241.527	   0.072	8049
59937.859905	2260792219.827	   0.056	8049
59937.860021	2260792194.727	   0.052	8049
59937.860137	2260792171.227	   0.059	8049
59937.860252	2260792146.327	   0.057	8049
59937.860368	2260792121.026	   0.103	8049
59937.860484	2260792098.326	   0.106	8049
59937.860600	2260792078.326	   0.090	8049
59937.860715	2260792054.726	   0.097	8049
59937.860831	2260792030.326	   0.114	8049
59937.860947	2260792006.426	   0.128	8049
59937.861062	2260791983.826	   0.122	8049
59937.861178	2260791961.026	   0.144	8049
59937.861294	2260791941.426	   0.139	8049
59937.861410	2260791917.526	   0.114	8049
59937.861526	2260791892.126	   0.133	8049
59937.861641	2260791869.725	   0.140	8049
59937.861757	2260791841.125	   0.116	8049
59937.861873	2260791819.225	   0.101	8049
59937.861988	2260791794.425	   0.113	8049
59937.862104	2260791772.725	   0.104	8049
59937.862220	2260791748.625	   0.105	8049
59937.862336	2260791721.425	   0.095	8049
59937.862451	2260791702.825	   0.132	8049
59937.862567	2260791679.325	   0.106	8049
59937.862683	2260791654.525	   0.123	8049
59937.862799	2260791631.725	   0.131	8049
59937.862914	2260791608.024	   0.107	8049
59937.863030	2260791586.424	   0.118	8049
59937.863146	2260791567.324	   0.079	8049
59937.863262	2260791543.224	   0.088	8049
59937.863377	2260791520.624	   0.112	8049
59937.863493	2260791501.724	   0.091	8049
59937.863609	2260791477.724	   0.090	8049
59937.863724	2260791459.524	   0.097	8049
59937.863840	2260791435.824	   0.112	8049
59937.863956	2260791415.524	   0.100	8049
59937.864072	2260791396.224	   0.101	8049
59937.864188	2260791373.723	   0.101	8049
59937.864303	2260791356.623	   0.108	8049
59937.864419	2260791334.023	   0.121	8049
59937.864535	2260791313.123	   0.160	8049
59937.864650	2260791296.223	   0.162	8049
59937.864766	2260791277.923	   0.142	8049
59937.864882	2260791255.823	   0.157	8049
59937.864998	2260791233.323	   0.130	8049
59937.865113	2260791208.723	   0.140	8049
59937.865229	2260791188.923	   0.154	8049
59937.865345	2260791168.223	   0.132	8049
59937.865461	2260791148.423	   0.149	8049
59937.865576	2260791126.123	   0.176	8049
59937.865692	2260791108.022	   0.137	8049
59937.865808	2260791085.922	   0.171	8049
59937.865924	2260791069.322	   0.155	8049
59937.866039	2260791048.222	   0.117	8049
59937.866155	2260791027.722	   0.113	8049
59937.866271	2260791010.822	   0.147	8049
59937.866387	2260790988.422	   0.128	8049
59937.866502	2260790973.922	   0.130	8049
59937.866618	2260790953.622	   0.161	8049
59937.866734	2260790936.222	   0.143	8049
59937.866850	2260790917.522	   0.187	8049
59937.866965	2260790903.122	   0.165	8049
59937.867081	2260790884.022	   0.150	8049
59937.867197	2260790867.521	   0.166	8049
59937.867312	2260790850.921	   0.200	8049
59937.867428	2260790836.921	   0.206	8049
59937.867544	2260790822.121	   0.251	8049
59937.867660	2260790802.021	   0.221	8049
59937.867776	2260790784.421	   0.213	8049
59937.867891	2260790765.921	   0.245	8049
59937.868007	2260790748.121	   0.260	8049
59937.868123	2260790731.421	   0.264	8049
59937.868238	2260790712.421	   0.271	8049
59937.868354	2260790695.621	   0.338	8049
59937.868470	2260790679.121	   0.327	8049
59937.868586	2260790665.521	   0.348	8049
59937.868701	2260790648.321	   0.389	8049
59937.868817	2260790633.821	   0.217	8049
59937.868933	2260790617.020	   0.294	8049
59937.869049	2260790604.520	   0.212	8049
59937.869164	2260790588.620	   0.252	8049
59937.869280	2260790575.020	   0.279	8049
59937.869396	2260790562.720	   0.341	8049
59937.869512	2260790547.920	   0.312	8049
59937.869627	2260790535.920	   0.300	8049
59937.869743	2260790523.820	   0.352	8049
59937.869859	2260790512.420	   0.451	8049
59937.869975	2260790500.220	   0.369	8049
59937.870090	2260790486.220	   0.293	8049
59937.870206	2260790472.720	   0.513	8049
59937.870322	2260790457.720	   0.572	8049
59937.870438	2260790443.620	   0.600	8049
59937.870553	2260790430.820	   0.486	8049
59937.870669	2260790416.020	   0.576	8049
59937.870785	2260790406.220	   0.664	8049
59937.870901	2260790394.320	   0.792	8049
59937.871016	2260790382.220	   0.819	8049
59937.871132	2260790371.219	   0.708	8049
59937.871248	2260790359.619	   0.796	8049
59937.871363	2260790350.219	   1.048	8049
59937.871479	2260790341.119	   0.968	8049
59937.871595	2260790332.119	   0.297	8049
59937.871711	2260790323.419	   0.357	8049
59937.871827	2260790315.719	   0.429	8049
59937.871942	2260790307.219	   0.484	8049
59937.872058	2260790301.719	   0.468	8049
59937.872174	2260790293.819	   0.341	8049
59937.872290	2260790282.919	   0.396	8049
59937.872405	2260790273.919	   0.383	8049
59937.872521	2260790262.919	   0.374	8049
59937.872637	2260790254.319	   0.448	8049
59937.872752	2260790246.019	   0.423	8049
59937.872868	2260790239.519	   0.459	8049
59937.872984	2260790232.219	   1.083	8049
59937.873100	2260790225.019	   1.242	8049
59937.873215	2260790219.819	   1.485	8049
59937.873331	2260790214.319	   1.293	8049
59937.873447	2260790209.019	   1.674	8049
59937.873563	2260790205.219	   1.908	8049
59937.873678	2260790202.119	   2.235	8049
59937.873794	2260790198.919	   3.155	8049
59937.873910	2260790196.919	   3.765	8049
59937.874025	2260790195.619	   8.168	8049
59937.874141	2260790192.319	   1.216	8049
59937.874257	2260790186.319	   1.533	8049
59937.874373	2260790181.819	   2.203	8049
59937.874488	2260790177.819	   1.913	8049
59937.874604	2260790174.219	   2.731	8049
59937.874720	2260790171.319	   3.280	8049
59937.874836	2260790169.619	   8.294	8049
59937.874951	2260790168.319	   7.537	8049
59937.875067	2260790167.919	   6.425	8049
59937.875183	2260790168.219	   7.916	8049
59937.875299	2260790169.319	   5.025	8049
59937.875415	2260790171.119	   5.250	8049
59937.875530	2260790173.619	   2.327	8049
59937.875646	2260790176.719	   3.593	8049
59937.875762	2260790180.919	   1.458	8049
59937.875878	2260790184.319	   5.684	8049
59937.875993	2260790184.119	   9.523	8049
59937.876109	2260790184.919	   3.170	8049
59937.876225	2260790186.219	   2.314	8049
59937.876340	2260790188.719	   1.626	8049
59937.876456	2260790192.019	   1.745	8049
59937.876572	2260790196.619	   1.450	8049
59937.876688	2260790200.319	   1.189	8049
59937.876803	2260790207.019	   1.074	8049
59937.876919	2260790212.119	   0.692	8049
59937.877035	2260790221.119	   1.059	8049
59937.877151	2260790229.919	   0.635	8049
59937.877266	2260790239.619	   0.498	8049
59937.877382	2260790249.619	   0.489	8049
59937.877498	2260790257.819	   0.910	8049
59937.877614	2260790263.719	   0.832	8049
59937.877729	2260790271.419	   0.771	8049
59937.877845	2260790278.219	   0.707	8049
59937.877961	2260790286.719	   0.505	8049
59937.878077	2260790296.219	   0.538	8049
59937.878192	2260790307.419	   0.491	8049
59937.878308	2260790319.319	   0.460	8049
59937.878424	2260790330.519	   0.392	8049
59937.878539	2260790344.719	   0.238	8049
59937.878655	2260790361.319	   0.139	8049
59937.878771	2260790377.420	   0.147	8049
59937.878887	2260790393.920	   0.149	8049
59937.879002	2260790406.820	   0.231	8049
59937.879118	2260790421.520	   0.201	8049
59937.879234	2260790432.920	   0.234	8049
59937.879350	2260790449.020	   0.231	8049
59937.879465	2260790463.920	   0.141	8049
59937.879581	2260790479.520	   0.177	8049
59937.879697	2260790497.320	   0.158	8049
59937.879813	2260790517.120	   0.199	8049
59937.879928	2260790536.120	   0.181	8049
59937.880044	2260790555.620	   0.185	8049
59937.880160	2260790578.720	   0.155	8049
59937.880275	2260790601.820	   0.148	8049
59937.880391	2260790629.121	   0.199	8049
59937.880507	2260790644.121	   0.171	8049
59937.880623	2260790665.921	   0.139	8049
59937.880739	2260790687.921	   0.164	8049
59937.880854	2260790709.621	   0.113	8049
59937.880970	2260790732.221	   0.119	8049
59937.881086	2260790759.021	   0.101	8049
59937.881201	2260790781.821	   0.078	8049
59937.881317	2260790810.021	   0.071	8049
59937.881433	2260790837.421	   0.094	8049
59937.881549	2260790868.421	   0.078	8049
59937.881664	2260790901.522	   0.080	8049
59937.881780	2260790927.122	   0.083	8049
59937.881896	2260790956.622	   0.093	8049
59937.882012	2260790981.522	   0.096	8049
59937.882127	2260791011.422	   0.077	8049
59937.882243	2260791044.022	   0.080	8049
59937.882359	2260791072.722	   0.067	8049
59937.882475	2260791103.222	   0.057	8049
59937.882590	2260791141.323	   0.057	8049
59937.882706	2260791177.123	   0.048	8049
59937.882822	2260791212.323	   0.033	8049
59937.882937	2260791249.323	   0.034	8049
59937.883053	2260791289.723	   0.039	8049
59937.883169	2260791322.523	   0.031	8049
59937.883285	2260791353.423	   0.034	8049
59937.883401	2260791393.824	   0.034	8049
59937.883516	2260791431.024	   0.030	8049
59937.883632	2260791467.624	   0.027	8049
59937.883748	2260791507.124	   0.025	8049
59937.883864	2260791548.524	   0.021	8049
59937.883980	2260791594.724	   0.025	8049
59937.884095	2260791640.025	   0.025	8049
59937.884211	2260791684.025	   0.022	8049
59937.884327	2260791729.925	   0.028	8049
59937.884442	2260791754.025	   0.003	8049
59937.908053	2260808048.390	   0.251	8049
59937.908169	2260808091.090	   0.182	8049
59937.908401	2260807745.789	   0.222	8049
59937.908516	2260807785.989	   0.215	8049
59937.908632	2260807825.889	   0.212	8049
59937.908748	2260807868.889	   0.217	8049
59937.908864	2260807905.290	   0.196	8049
59937.908979	2260807946.690	   0.213	8049
59937.909095	2260807982.690	   0.177	8049
59937.909211	2260808028.390	   0.197	8049
59937.909326	2260808068.290	   0.234	8049
59937.909442	2260808108.190	   0.147	8049
59937.909558	2260808146.091	   0.189	8049
59937.909674	2260808184.191	   0.190	8049
59937.909789	2260808216.591	   0.216	8049
59937.909905	2260808253.391	   0.202	8049
59937.910021	2260808287.091	   0.189	8049
59937.910137	2260808318.391	   0.209	8049
59937.910252	2260808347.191	   0.184	8049
59937.910368	2260808379.792	   0.197	8049
59937.910484	2260808413.592	   0.217	8049
59937.910600	2260808446.392	   0.182	8049
59937.910715	2260808483.492	   0.179	8049
59937.910831	2260808511.492	   0.230	8049
59937.910947	2260808545.592	   0.257	8049
59937.911063	2260808572.592	   0.235	8049
59937.911178	2260808603.092	   0.244	8049
59937.911294	2260808629.893	   0.304	8049
59937.911410	2260808658.593	   0.337	8049
59937.911525	2260808681.393	   0.366	8049
59937.911641	2260808707.993	   0.254	8049
59937.911757	2260808729.193	   0.274	8049
59937.911873	2260808755.893	   0.274	8049
59937.911989	2260808785.193	   0.261	8049
59937.912104	2260808809.193	   0.265	8049
59937.912220	2260808837.093	   0.301	8049
59937.912336	2260808862.493	   0.328	8049
59937.912451	2260808885.094	   0.364	8049
59937.912567	2260808906.694	   0.392	8049
59937.912683	2260808927.394	   0.337	8049
59937.912799	2260808948.694	   0.346	8049
59937.912914	2260808968.494	   0.452	8049
59937.913030	2260808986.694	   0.497	8049
59937.913146	2260809002.594	   0.384	8049
59937.913262	2260809019.994	   0.552	8049
59937.913377	2260809040.894	   0.374	8049
59937.913493	2260809062.494	   0.341	8049
59937.913610	2260809081.594	   0.326	8049
59937.913725	2260809100.794	   0.316	8049
59937.913841	2260809118.494	   0.415	8049
59937.913956	2260809134.895	   0.481	8049
59937.914072	2260809151.595	   0.482	8049
59937.914188	2260809167.595	   0.458	8049
59937.914303	2260809180.795	   0.388	8049
59937.914419	2260809195.195	   0.493	8049
59937.914535	2260809207.195	   0.560	8049
59937.914651	2260809218.695	   0.538	8049
59937.914767	2260809230.995	   0.758	8049
59937.914882	2260809242.295	   0.430	8049
59937.914998	2260809258.695	   0.393	8049
59937.915114	2260809271.395	   0.334	8049
59937.915230	2260809282.595	   0.296	8049
59937.915345	2260809297.495	   0.385	8049
59937.915461	2260809308.995	   0.479	8049
59937.915577	2260809320.295	   0.467	8049
59937.915692	2260809329.395	   0.421	8049
59937.915808	2260809339.595	   0.399	8049
59937.915924	2260809347.995	   0.395	8049
59937.916039	2260809354.095	   0.446	8049
59937.916155	2260809362.495	   0.748	8049
59937.916271	2260809368.795	   0.896	8049
59937.916387	2260809373.695	   0.827	8049
59937.916502	2260809378.796	   1.541	8049
59937.916618	2260809386.896	   0.686	8049
59937.916734	2260809396.196	   0.545	8049
59937.916850	2260809403.496	   0.898	8049
59937.916965	2260809410.296	   0.962	8049
59937.917081	2260809417.296	   0.795	8049
59937.917197	2260809423.996	   0.901	8049
59937.917313	2260809428.796	   1.138	8049
59937.917428	2260809432.596	   1.886	8049
59937.917544	2260809437.296	   1.647	8049
59937.917660	2260809439.796	   2.172	8049
59937.917776	2260809442.096	   2.701	8049
59937.917891	2260809444.096	   4.178	8049
59937.918007	2260809444.796	   2.662	8049
59937.918123	2260809445.496	   7.980	8049
59937.918238	2260809445.096	   3.381	8049
59937.918354	2260809444.796	   3.465	8049
59937.918470	2260809448.896	   3.156	8049
59937.918586	2260809452.096	   3.161	8049
59937.918701	2260809454.596	   4.308	8049
59937.918817	2260809456.396	  10.829	8049
59937.918933	2260809457.296	   5.836	8049
59937.919049	2260809458.096	  15.912	8049
59937.919164	2260809457.996	  14.818	8049
59937.919280	2260809457.496	  10.425	8049
59937.919396	2260809455.996	   8.065	8049
59937.919512	2260809454.596	   5.752	8049
59937.919627	2260809452.396	   5.341	8049
59937.919743	2260809449.696	   5.389	8049
59937.919859	2260809445.896	   3.621	8049
59937.919975	2260809441.696	   5.121	8049
59937.920090	2260809437.196	   4.036	8049
59937.920206	2260809431.596	   2.645	8049
59937.920322	2260809427.696	  12.407	8049
59937.920437	2260809426.096	  11.239	8049
59937.920553	2260809424.196	  13.684	8049
59937.920669	2260809421.696	   2.450	8049
59937.920785	2260809418.196	   3.258	8049
59937.920901	2260809415.296	   2.346	8049
59937.921016	2260809410.796	   1.590	8049
59937.921132	2260809406.296	   1.506	8049
59937.921248	2260809402.096	   1.884	8049
59937.921363	2260809395.896	   1.116	8049
59937.921479	2260809389.996	   1.498	8049
59937.921595	2260809383.596	   0.955	8049
59937.921711	2260809376.196	   1.141	8049
59937.921826	2260809370.095	   1.214	8049
59937.921942	2260809360.995	   1.128	8049
59937.922058	2260809352.495	   2.081	8049
59937.922174	2260809345.195	   1.863	8049
59937.922289	2260809334.695	   1.469	8049
59937.922405	2260809327.195	   1.351	8049
59937.922521	2260809317.695	   3.205	8049
59937.922637	2260809310.695	   2.105	8049
59937.922752	2260809305.495	   2.056	8049
59937.922868	2260809297.795	   2.928	8049
59937.922984	2260809290.195	   2.079	8049
59937.923100	2260809282.995	   2.121	8049
59937.923215	2260809274.495	   1.640	8049
59937.923331	2260809264.995	   1.126	8049
59937.923447	2260809255.395	   1.511	8049
59937.923563	2260809246.595	   1.529	8049
59937.923678	2260809237.095	   1.423	8049
59937.923794	2260809226.495	   1.470	8049
59937.923910	2260809215.695	   1.674	8049
59937.924025	2260809205.495	   1.441	8049
59937.924141	2260809194.895	   1.305	8049
59937.924257	2260809181.595	   1.452	8049
59937.924373	2260809168.995	   1.577	8049
59937.924488	2260809157.495	   1.396	8049
59937.924604	2260809145.495	   1.591	8049
59937.924720	2260809132.195	   1.180	8049
59937.924836	2260809117.894	   1.177	8049
59937.924951	2260809106.094	   1.577	8049
59937.925067	2260809095.794	   1.578	8049
59937.925183	2260809086.294	   1.754	8049
59937.925299	2260809072.994	   1.258	8049
59937.925414	2260809061.694	   1.304	8049
59937.925530	2260809052.294	   1.373	8049
59937.925646	2260809039.994	   1.454	8049
59937.925761	2260809027.194	   1.332	8049
59937.925877	2260809014.394	   1.184	8049
59937.925993	2260809000.294	   1.080	8049
59937.926108	2260808987.994	   1.163	8049
59937.926224	2260808974.994	   1.275	8049
59937.926340	2260808960.594	   1.133	8049
59937.926456	2260808945.694	   1.404	8049
59937.926571	2260808930.594	   1.424	8049
59937.926687	2260808915.594	   1.223	8049
59937.926803	2260808901.294	   1.098	8049
59937.926919	2260808887.894	   1.271	8049
59937.927034	2260808871.393	   1.375	8049
59937.927150	2260808853.993	   1.270	8049
59937.927266	2260808839.293	   1.397	8049
59937.927382	2260808822.193	   1.212	8049
59937.927497	2260808805.993	   1.416	8049
59937.927613	2260808787.693	   1.083	8049
59937.927729	2260808774.693	   1.680	8049
59937.927845	2260808758.393	   1.252	8049
59937.927960	2260808745.693	   1.310	8049
59937.928076	2260808731.793	   1.119	8049
59937.928192	2260808716.993	   1.322	8049
59937.928308	2260808699.893	   1.194	8049
59937.928423	2260808685.093	   1.236	8049
59937.928539	2260808670.193	   1.076	8049
59937.928655	2260808653.493	   1.036	8049
59937.928770	2260808636.893	   1.059	8049
59937.928886	2260808620.592	   1.427	8049
59937.929002	2260808604.192	   0.911	8049
59937.929118	2260808589.492	   1.197	8049
59937.929233	2260808570.792	   1.030	8049
59937.929349	2260808552.492	   0.838	8049
59937.929465	2260808534.692	   0.985	8049
59937.929581	2260808517.892	   0.993	8049
59937.929696	2260808498.392	   1.204	8049
59937.929812	2260808482.392	   0.912	8049
59937.929928	2260808463.792	   1.024	8049
59937.930044	2260808444.892	   0.883	8049
59937.930159	2260808427.392	   1.128	8049
59937.930275	2260808407.192	   0.967	8049
59937.930391	2260808389.392	   0.916	8049
59937.930506	2260808370.191	   0.823	8049
59937.930622	2260808348.491	   0.713	8049
59937.930738	2260808332.191	   0.666	8049
59937.930854	2260808310.091	   0.987	8049
59937.930969	2260808292.091	   0.970	8049
59937.931085	2260808275.191	   0.979	8049
59937.931201	2260808258.291	   0.793	8049
59937.931317	2260808238.091	   0.757	8049
59937.931432	2260808221.191	   0.855	8049
59937.931548	2260808203.091	   0.832	8049
59937.931664	2260808185.191	   0.718	8049
59937.931780	2260808168.691	   0.701	8049
59937.931896	2260808147.691	   0.529	8049
59937.932011	2260808130.091	   0.645	8049
59937.932127	2260808112.390	   0.565	8049
59937.932243	2260808091.190	   0.525	8049
59937.932359	2260808071.390	   0.491	8049
59937.932474	2260808051.790	   0.675	8049
59937.932590	2260808032.490	   0.501	8049
59937.932706	2260808010.190	   0.510	8049
59937.932821	2260807992.390	   0.521	8049
59937.932937	2260807972.490	   0.389	8049
59937.933053	2260807951.090	   0.477	8049
59937.933169	2260807933.090	   0.536	8049
59937.933284	2260807911.490	   0.603	8049
59937.933400	2260807890.390	   0.575	8049
59937.933516	2260807870.789	   0.511	8049
59937.933632	2260807849.989	   0.488	8049
59937.933747	2260807826.489	   0.433	8049
59937.933863	2260807807.689	   0.480	8049
59937.933979	2260807784.989	   0.447	8049
59937.934094	2260807765.789	   0.446	8049
59937.934210	2260807740.289	   0.421	8049
59937.934326	2260807717.289	   0.389	8049
59937.934442	2260807696.889	   0.360	8049
59937.934557	2260807673.189	   0.320	8049
59937.934673	2260807654.589	   0.300	8049
59937.934789	2260807632.189	   0.367	8049
59937.934905	2260807611.888	   0.299	8049
59937.935020	2260807591.688	   0.295	8049
59937.935136	2260807573.388	   0.275	8049
59937.935252	2260807547.988	   0.263	8049
59937.935368	2260807529.988	   0.494	8049
59937.935483	2260807508.988	   0.303	8049
59937.935599	2260807488.588	   0.409	8049
59937.935715	2260807467.488	   0.258	8049
59937.935831	2260807445.388	   0.248	8049
59937.935946	2260807425.088	   0.273	8049
59937.936062	2260807403.088	   0.313	8049
59937.936178	2260807382.288	   0.312	8049
59937.936294	2260807360.087	   0.236	8049
59937.936409	2260807337.987	   0.294	8049
59937.936525	2260807319.187	   0.299	8049
59937.936641	2260807294.687	   0.288	8049
59937.936756	2260807273.887	   0.291	8049
59937.936872	2260807249.987	   0.237	8049
59937.936988	2260807229.187	   0.249	8049
59937.937104	2260807204.787	   0.222	8049
59937.937220	2260807181.887	   0.240	8049
59937.937335	2260807161.287	   0.239	8049
59937.937451	2260807137.887	   0.214	8049
59937.937567	2260807113.186	   0.215	8049
59937.937683	2260807093.086	   0.244	8049
59937.937798	2260807069.986	   0.284	8049
59937.937914	2260807046.986	   0.217	8049
59937.938030	2260807023.186	   0.214	8049
59937.938145	2260806996.486	   0.191	8049
59937.938261	2260806975.786	   0.175	8049
59937.938377	2260806953.286	   0.211	8049
59937.938493	2260806929.486	   0.200	8049
59937.938608	2260806906.086	   0.217	8049
59937.938724	2260806881.586	   0.198	8049
59937.938840	2260806857.885	   0.247	8049
59937.938956	2260806834.985	   0.155	8049
59937.939071	2260806808.685	   0.181	8049
59937.939187	2260806785.585	   0.171	8049
59937.939303	2260806762.185	   0.197	8049
59937.939419	2260806738.885	   0.190	8049
59937.939534	2260806716.685	   0.213	8049
59937.939650	2260806695.285	   0.192	8049
59937.939766	2260806672.685	   0.164	8049
59937.939882	2260806649.385	   0.151	8049
59937.939997	2260806627.385	   0.176	8049
59937.940113	2260806604.784	   0.199	8049
59937.940229	2260806579.684	   0.165	8049
59937.940344	2260806557.184	   0.229	8049
59937.940460	2260806532.784	   0.179	8049
59937.940576	2260806511.784	   0.192	8049
59937.940692	2260806487.184	   0.173	8049
59937.940807	2260806463.184	   0.193	8049
59937.940923	2260806441.884	   0.162	8049
59937.941039	2260806416.184	   0.185	8049
59937.941155	2260806393.084	   0.170	8049
59937.941270	2260806369.683	   0.168	8049
59937.941386	2260806346.983	   0.186	8049
59937.941502	2260806323.583	   0.149	8049
59937.941618	2260806299.483	   0.157	8049
59937.941733	2260806274.883	   0.141	8049
59937.941849	2260806250.383	   0.121	8049
59937.941965	2260806226.283	   0.131	8049
59937.942081	2260806202.583	   0.144	8049
59937.942196	2260806180.883	   0.116	8049
59937.942312	2260806156.983	   0.118	8049
59937.942428	2260806131.383	   0.115	8049
59937.942544	2260806104.982	   0.117	8049
59937.942659	2260806082.282	   0.112	8049
59937.942775	2260806060.382	   0.118	8049
59937.942891	2260806033.282	   0.109	8049
59937.943007	2260806007.382	   0.093	8049
59937.943122	2260805984.482	   0.142	8049
59937.943238	2260805959.382	   0.134	8049
59937.943354	2260805933.282	   0.124	8049
59937.943470	2260805911.882	   0.143	8049
59937.943586	2260805887.682	   0.141	8049
59937.943701	2260805860.881	   0.112	8049
59937.943817	2260805838.581	   0.108	8049
59937.943932	2260805811.681	   0.120	8049
59937.944048	2260805786.681	   0.119	8049
59937.944164	2260805760.681	   0.098	8049
59937.944280	2260805735.581	   0.109	8049
59937.944395	2260805710.181	   0.084	8049
59937.944511	2260805685.581	   0.047	8049
59937.944627	2260805659.781	   0.056	8049
59937.944743	2260805635.181	   0.049	8049
59937.944858	2260805608.280	   0.036	8049
59937.944974	2260805583.780	   0.047	8049
59937.945090	2260805555.580	   0.039	8049
59937.945206	2260805533.380	   0.043	8049
59937.945321	2260805504.980	   0.039	8049
59937.945437	2260805480.680	   0.048	8049
59937.945553	2260805456.180	   0.039	8049
59937.945669	2260805434.180	   0.046	8049
59937.945784	2260805408.780	   0.045	8049
59937.945900	2260805384.380	   0.083	8049
59937.946016	2260805360.779	   0.079	8049
59937.946131	2260805337.179	   0.078	8049
59937.946247	2260805310.479	   0.077	8049
59937.946363	2260805287.879	   0.088	8049
59937.946479	2260805262.279	   0.060	8049
59937.946595	2260805237.679	   0.074	8049
59937.946710	2260805212.579	   0.074	8049
59937.946826	2260805186.879	   0.068	8049
59937.946942	2260805162.679	   0.079	8049
59937.947058	2260805139.079	   0.073	8049
59937.947174	2260805112.378	   0.064	8049
59937.947289	2260805089.678	   0.070	8049
59937.947405	2260805064.978	   0.051	8049
59937.947520	2260805037.678	   0.067	8049
59937.947636	2260805013.178	   0.060	8049
59937.947752	2260804989.278	   0.054	8049
59937.947868	2260804961.578	   0.044	8049
59937.947983	2260804935.378	   0.045	8049
59937.948099	2260804911.378	   0.049	8049
59937.948215	2260804886.078	   0.056	8049
59937.948331	2260804859.277	   0.041	8049
59937.948446	2260804835.477	   0.033	8049
59937.948562	2260804810.577	   0.036	8049
59937.948678	2260804785.977	   0.034	8049
59937.948794	2260804760.177	   0.036	8049
59937.948909	2260804732.977	   0.034	8049
59937.949025	2260804707.777	   0.034	8049
59937.949141	2260804682.377	   0.043	8049
59937.949257	2260804656.377	   0.034	8049
59937.949372	2260804634.677	   0.038	8049
59937.949488	2260804605.076	   0.030	8049
59937.949604	2260804582.476	   0.030	8049
59937.949720	2260804554.376	   0.029	8049
59937.949835	2260804529.376	   0.030	8049
59937.949951	2260804501.576	   0.028	8049
59937.950067	2260804480.076	   0.031	8049
59937.950183	2260804451.176	   0.018	8049
59937.950298	2260804427.476	   0.017	8049
59937.950414	2260804398.776	   0.019	8049
59937.950530	2260804375.176	   0.029	8049
59937.950646	2260804348.475	   0.018	8049
59937.950761	2260804323.275	   0.020	8049
59937.950877	2260804294.475	   0.022	8049
59937.950993	2260804271.375	   0.020	8049
59937.951108	2260804242.575	   0.018	8049
59937.951224	2260804219.275	   0.019	8049
59937.951340	2260804191.475	   0.022	8049
59937.951456	2260804166.875	   0.022	8049
59937.951571	2260804141.375	   0.029	8049
59937.951687	2260804113.974	   0.035	8049
59937.951803	2260804085.274	   0.034	8049
59937.951919	2260804062.474	   0.039	8049
59937.952034	2260804034.074	   0.034	8049
59937.952150	2260804010.574	   0.032	8049
59937.952266	2260803981.174	   0.033	8049
59937.952381	2260803955.474	   0.038	8049
59937.952497	2260803927.574	   0.035	8049
59937.952613	2260803903.274	   0.028	8049
59937.952729	2260803875.974	   0.037	8049
59937.952844	2260803848.373	   0.029	8049
59937.952960	2260803823.573	   0.031	8049
59937.953076	2260803800.273	   0.021	8049
59937.953192	2260803769.173	   0.037	8049
59937.953307	2260803744.273	   0.026	8049
59937.953423	2260803716.973	   0.021	8049
59937.953539	2260803690.473	   0.035	8049
59937.953655	2260803664.873	   0.027	8049
59937.953771	2260803641.573	   0.028	8049
59937.953886	2260803611.772	   0.023	8049
59937.954002	2260803586.472	   0.023	8049
59937.954118	2260803562.172	   0.022	8049
59937.954233	2260803536.672	   0.018	8049
59937.954349	2260803508.772	   0.025	8049
59937.954465	2260803485.072	   0.033	8049
59937.954581	2260803459.272	   0.027	8049
59937.954696	2260803432.972	   0.028	8049
59937.954812	2260803406.472	   0.028	8049
59937.954928	2260803379.672	   0.027	8049
59937.955044	2260803355.271	   0.024	8049
59937.955159	2260803330.071	   0.026	8049
59937.955275	2260803303.571	   0.028	8049
59937.955391	2260803279.171	   0.023	8049
59937.955506	2260803251.771	   0.026	8049
59937.955622	2260803227.471	   0.029	8049
59937.955738	2260803198.571	   0.022	8049
59937.955854	2260803173.171	   0.033	8049
59937.955969	2260803148.271	   0.028	8049
59937.956085	2260803124.270	   0.022	8049
59937.956201	2260803093.670	   0.025	8049
59937.956317	2260803068.770	   0.026	8049
59937.956432	2260803040.470	   0.024	8049
59937.956548	2260803015.470	   0.022	8049
59937.956664	2260802991.170	   0.025	8049
59937.956780	2260802962.570	   0.024	8049
59937.956895	2260802939.170	   0.025	8049
59937.957011	2260802908.970	   0.021	8049
59937.957127	2260802883.770	   0.020	8049
59937.957243	2260802855.769	   0.018	8049
59937.957358	2260802830.969	   0.016	8049
59937.957474	2260802806.069	   0.021	8049
59937.957590	2260802778.769	   0.021	8049
59937.957706	2260802752.269	   0.019	8049
59937.957821	2260802725.269	   0.024	8049
59937.957937	2260802702.669	   0.023	8049
59937.958053	2260802672.169	   0.021	8049
59937.958169	2260802645.469	   0.020	8049
59937.958284	2260802621.968	   0.021	8049
59937.958400	2260802592.668	   0.019	8049
59937.958516	2260802569.368	   0.017	8049
59937.958631	2260802542.568	   0.011	8049
59937.958747	2260802515.968	   0.010	8049
59937.958863	2260802489.268	   0.008	8049
59937.958979	2260802461.368	   0.009	8049
59937.959095	2260802433.368	   0.008	8049
59937.959210	2260802406.568	   0.009	8049
59937.959326	2260802380.768	   0.006	8049
59937.959442	2260802355.867	   0.005	8049
59937.959557	2260802329.767	   0.005	8049
59937.959673	2260802302.967	   0.006	8049
59937.959789	2260802277.867	   0.006	8049
59937.959905	2260802246.667	   0.012	8049
59937.960020	2260802221.667	   0.016	8049
59937.960136	2260802196.067	   0.014	8049
59937.960252	2260802167.367	   0.012	8049
59937.960368	2260802141.267	   0.010	8049
59937.960483	2260802115.866	   0.011	8049
59937.960599	2260802090.866	   0.013	8049
59937.960715	2260802060.366	   0.011	8049
59937.960831	2260802033.766	   0.014	8049
59937.960946	2260802008.866	   0.010	8049
59937.961062	2260801978.566	   0.010	8049
59937.961178	2260801952.466	   0.012	8049
59937.961294	2260801924.266	   0.013	8049
59937.961409	2260801897.166	   0.011	8049
59937.961525	2260801872.165	   0.015	8049
59937.961641	2260801842.865	   0.013	8049
59937.961756	2260801821.965	   0.010	8049
59937.961872	2260801794.465	   0.011	8049
59937.961988	2260801760.665	   0.009	8049
59937.962104	2260801735.365	   0.008	8049
59937.962219	2260801710.365	   0.012	8049
59937.962335	2260801684.365	   0.008	8049
59937.962451	2260801656.065	   0.013	8049
59937.962567	2260801631.565	   0.009	8049
59937.962682	2260801602.064	   0.009	8049
59937.962798	2260801574.364	   0.012	8049
59937.962914	2260801545.564	   0.014	8049
59937.963030	2260801517.664	   0.010	8049
59937.963145	2260801494.164	   0.010	8049
59937.963261	2260801466.064	   0.014	8049
59937.963377	2260801436.764	   0.017	8049
59937.963493	2260801410.764	   0.017	8049
59937.963608	2260801384.564	   0.017	8049
59937.963724	2260801354.763	   0.029	8049
59937.963840	2260801327.663	   0.022	8049
59937.963956	2260801300.363	   0.021	8049
59937.964071	2260801275.963	   0.029	8049
59937.964187	2260801245.463	   0.011	8049
59937.964303	2260801219.763	   0.012	8049
59937.964419	2260801191.463	   0.011	8049
59937.964534	2260801166.263	   0.013	8049
59937.964650	2260801139.163	   0.014	8049
59937.964766	2260801111.062	   0.013	8049
59937.964882	2260801081.662	   0.015	8049
59937.964998	2260801055.962	   0.020	8049
59937.965113	2260801032.662	   0.019	8049
59937.965229	2260801002.162	   0.019	8049
59937.965344	2260800978.162	   0.029	8049
59937.965460	2260800948.262	   0.025	8049
59937.965576	2260800925.362	   0.028	8049
59937.965692	2260800896.662	   0.026	8049
59937.965808	2260800871.161	   0.023	8049
59937.965923	2260800841.561	   0.027	8049
59937.966039	2260800814.161	   0.021	8049
59937.966155	2260800789.961	   0.026	8049
59937.966270	2260800762.561	   0.028	8049
59937.966386	2260800736.061	   0.026	8049
59937.966502	2260800709.261	   0.021	8049
59937.966618	2260800682.661	   0.020	8049
59937.966733	2260800655.261	   0.017	8049
59937.966849	2260800629.761	   0.019	8049
59937.966965	2260800604.360	   0.022	8049
59937.967081	2260800576.160	   0.017	8049
59937.967196	2260800548.460	   0.023	8049
59937.967312	2260800522.760	   0.025	8049
59937.967428	2260800493.260	   0.020	8049
59937.967544	2260800467.860	   0.024	8049
59937.967659	2260800440.560	   0.021	8049
59937.967775	2260800413.760	   0.022	8049
59937.967891	2260800385.360	   0.029	8049
59937.968006	2260800362.159	   0.021	8049
59937.968122	2260800334.359	   0.025	8049
59937.968238	2260800304.459	   0.019	8049
59937.968354	2260800277.859	   0.017	8049
59937.968469	2260800253.559	   0.016	8049
59937.968585	2260800226.559	   0.018	8049
59937.968701	2260800199.459	   0.017	8049
59937.968817	2260800169.759	   0.024	8049
59937.968932	2260800143.559	   0.022	8049
59937.969048	2260800113.358	   0.018	8049
59937.969164	2260800089.258	   0.023	8049
59937.969280	2260800060.658	   0.020	8049
59937.969395	2260800036.058	   0.023	8049
59937.969511	2260800008.758	   0.025	8049
59937.969627	2260799979.258	   0.026	8049
59937.969743	2260799956.958	   0.020	8049
59937.969858	2260799925.058	   0.017	8049
59937.969974	2260799898.458	   0.016	8049
59937.970090	2260799873.557	   0.016	8049
59937.970205	2260799845.957	   0.022	8049
59937.970321	2260799817.557	   0.016	8049
59937.970437	2260799790.257	   0.016	8049
59937.970553	2260799764.557	   0.015	8049
59937.970668	2260799733.157	   0.019	8049
59937.970784	2260799707.557	   0.014	8049
59937.970900	2260799681.857	   0.021	8049
59937.971016	2260799649.857	   0.019	8049
59937.971131	2260799624.856	   0.030	8049
59937.971247	2260799596.956	   0.037	8049
59937.971363	2260799569.956	   0.036	8049
59937.971479	2260799543.156	   0.032	8049
59937.971594	2260799517.456	   0.029	8049
59937.971710	2260799488.756	   0.043	8049
59937.971826	2260799459.656	   0.034	8049
59937.971942	2260799438.356	   0.031	8049
59937.972057	2260799406.056	   0.034	8049
59937.972173	2260799379.156	   0.037	8049
59937.972289	2260799351.755	   0.036	8049
59937.972405	2260799325.355	   0.033	8049
59937.972521	2260799299.955	   0.033	8049
59937.972636	2260799270.355	   0.036	8049
59937.972752	2260799242.255	   0.038	8049
59937.972868	2260799215.655	   0.037	8049
59937.972983	2260799188.055	   0.030	8049
59937.973099	2260799156.055	   0.026	8049
59937.973215	2260799132.455	   0.037	8049
59937.973331	2260799105.154	   0.034	8049
59937.973446	2260799079.154	   0.028	8049
59937.973562	2260799051.554	   0.023	8049
59937.973678	2260799022.954	   0.027	8049
59937.973794	2260798994.754	   0.026	8049
59937.973909	2260798969.154	   0.023	8049
59937.974025	2260798940.054	   0.024	8049
59937.974141	2260798912.054	   0.018	8049
59937.974257	2260798885.854	   0.025	8049
59937.974372	2260798856.553	   0.021	8049
59937.974488	2260798828.553	   0.027	8049
59937.974604	2260798799.353	   0.017	8049
59937.974720	2260798772.753	   0.019	8049
59937.974835	2260798744.953	   0.017	8049
59937.974951	2260798720.153	   0.022	8049
59937.975067	2260798692.853	   0.020	8049
59937.975182	2260798660.653	   0.019	8049
59937.975298	2260798635.653	   0.018	8049
59937.975414	2260798606.552	   0.023	8049
59937.975530	2260798576.452	   0.018	8049
59937.975645	2260798554.152	   0.017	8049
59937.975761	2260798525.652	   0.019	8049
59937.975877	2260798497.552	   0.023	8049
59937.975993	2260798469.452	   0.018	8049
59937.976108	2260798442.052	   0.022	8049
59937.976224	2260798414.952	   0.016	8049
59937.976340	2260798384.252	   0.023	8049
59937.976456	2260798359.051	   0.019	8049
59937.976571	2260798330.651	   0.020	8049
59937.976687	2260798300.251	   0.022	8049
59937.976803	2260798271.551	   0.013	8049
59937.976918	2260798241.151	   0.011	8049
59937.977034	2260798217.651	   0.014	8049
59937.977150	2260798191.351	   0.012	8049
59937.977266	2260798159.551	   0.015	8049
59937.977382	2260798135.251	   0.015	8049
59937.977497	2260798107.750	   0.016	8049
59937.977613	2260798076.450	   0.014	8049
59937.977729	2260798048.250	   0.009	8049
59937.977844	2260798019.650	   0.011	8049
59937.977960	2260797996.250	   0.011	8049
59937.978076	2260797963.850	   0.012	8049
59937.978192	2260797937.850	   0.017	8049
59937.978307	2260797910.450	   0.020	8049
59937.978423	2260797882.050	   0.016	8049
59937.978539	2260797852.549	   0.014	8049
59937.978655	2260797825.349	   0.018	8049
59937.978771	2260797800.549	   0.013	8049
59937.978886	2260797769.849	   0.020	8049
59937.979002	2260797742.949	   0.013	8049
59937.979118	2260797715.649	   0.015	8049
59937.979233	2260797686.049	   0.013	8049
59937.979349	2260797656.849	   0.013	8049
59937.979465	2260797631.249	   0.015	8049
59937.979581	2260797608.248	   0.014	8049
59937.979696	2260797579.348	   0.013	8049
59937.979812	2260797549.648	   0.011	8049
59937.979928	2260797524.648	   0.011	8049
59937.980044	2260797494.048	   0.012	8049
59937.980160	2260797467.348	   0.011	8049
59937.980275	2260797437.848	   0.011	8049
59937.980391	2260797414.248	   0.011	8049
59937.980507	2260797385.748	   0.009	8049
59937.980622	2260797357.447	   0.009	8049
59937.980738	2260797328.847	   0.009	8049
59937.980854	2260797299.547	   0.009	8049
59937.980970	2260797274.047	   0.007	8049
59937.981085	2260797244.447	   0.008	8049
59937.981201	2260797216.947	   0.009	8049
59937.981317	2260797190.947	   0.007	8049
59937.981432	2260797162.147	   0.007	8049
59937.981548	2260797134.447	   0.006	8049
59937.981664	2260797107.746	   0.006	8049
59937.981780	2260797077.446	   0.007	8049
59937.981896	2260797054.846	   0.005	8049
59937.982011	2260797024.446	   0.006	8049
59937.982127	2260796996.146	   0.007	8049
59937.982243	2260796967.146	   0.005	8049
59937.982358	2260796940.746	   0.006	8049
59937.982474	2260796917.246	   0.006	8049
59937.982590	2260796884.746	   0.007	8049
59937.982706	2260796858.245	   0.007	8049
59937.982821	2260796830.145	   0.009	8049
59937.982937	2260796802.345	   0.007	8049
59937.983053	2260796775.345	   0.008	8049
59937.983169	2260796745.745	   0.008	8049
59937.983284	2260796719.745	   0.007	8049
59937.983400	2260796689.845	   0.008	8049
59937.983516	2260796665.445	   0.006	8049
59937.983632	2260796631.645	   0.006	8049
59937.983747	2260796606.644	   0.006	8049
59937.983863	2260796571.344	   0.006	8049
59937.983979	2260796554.244	   0.006	8049
59937.984094	2260796521.144	   0.005	8049
59937.984210	2260796491.344	   0.005	8049
59937.984326	2260796466.844	   0.005	8049
59937.984442	2260796443.044	   0.006	8049
59937.984557	2260796409.744	   0.009	8049
59937.984673	2260796383.344	   0.005	8049
59937.984789	2260796354.543	   0.010	8049
59937.984905	2260796326.543	   0.007	8049
59937.985020	2260796302.543	   0.007	8049
59937.985136	2260796268.343	   0.009	8049
59937.985252	2260796243.243	   0.008	8049
59937.985368	2260796218.643	   0.009	8049
59937.985483	2260796185.343	   0.007	8049
59937.985599	2260796159.843	   0.006	8049
59937.985715	2260796128.543	   0.007	8049
59937.985831	2260796105.842	   0.008	8049
59937.985946	2260796076.142	   0.007	8049
59937.986062	2260796047.942	   0.007	8049
59937.986178	2260796018.742	   0.006	8049
59937.986294	2260795987.242	   0.005	8049
59937.986410	2260795959.642	   0.006	8049
59937.986525	2260795934.042	   0.006	8049
59937.986641	2260795909.342	   0.005	8049
59937.986757	2260795878.742	   0.005	8049
59937.986873	2260795852.041	   0.005	8049
59937.986988	2260795822.441	   0.005	8049
59937.987104	2260795794.141	   0.005	8049
59937.987220	2260795761.841	   0.005	8049
59937.987335	2260795735.441	   0.006	8049
59937.987451	2260795709.941	   0.006	8049
59937.987567	2260795680.741	   0.005	8049
59937.987683	2260795651.441	   0.007	8049
59937.987798	2260795625.241	   0.007	8049
59937.987914	2260795595.340	   0.007	8049
59937.988030	2260795569.840	   0.006	8049
59937.988145	2260795539.740	   0.005	8049
59937.988261	2260795514.440	   0.006	8049
59937.988377	2260795484.940	   0.006	8049
59937.988493	2260795457.540	   0.005	8049
59937.988608	2260795428.540	   0.006	8049
59937.988724	2260795401.640	   0.004	8049
59937.988840	2260795370.739	   0.004	8049
59937.988955	2260795342.239	   0.004	8049
59937.989071	2260795314.339	   0.005	8049
59937.989187	2260795287.039	   0.003	8049
59937.989303	2260795260.339	   0.004	8049
59937.989650	2260795175.939	   0.003	8049
59937.989997	2260795090.838	   0.004	8049
59937.990345	2260795003.838	   0.003	8049
59937.990807	2260794893.338	   0.005	8049
59937.990923	2260794863.737	   0.006	8049
59937.991155	2260794808.537	   0.004	8049
59937.991270	2260794780.537	   0.005	8049
59937.991386	2260794753.137	   0.005	8049
59937.991502	2260794721.937	   0.004	8049
59937.991618	2260794692.537	   0.004	8049
59937.991733	2260794662.537	   0.004	8049
59937.991849	2260794637.737	   0.005	8049
59937.991965	2260794613.136	   0.005	8049
59937.992080	2260794582.336	   0.005	8049
59937.992196	2260794552.636	   0.004	8049
59937.992312	2260794526.136	   0.005	8049
59937.992428	2260794499.836	   0.005	8049
59937.992543	2260794471.936	   0.005	8049
59937.992659	2260794442.736	   0.008	8049
59937.992775	2260794410.036	   0.005	8049
59937.992891	2260794389.736	   0.005	8049
59937.993006	2260794360.535	   0.006	8049
59937.993122	2260794329.535	   0.006	8049
59937.993238	2260794298.835	   0.005	8049
59937.993354	2260794270.835	   0.006	8049
59937.993469	2260794245.735	   0.004	8049
59937.993585	2260794217.135	   0.006	8049
59937.993701	2260794186.535	   0.006	8049
59937.993817	2260794164.435	   0.005	8049
59937.993932	2260794133.035	   0.007	8049
59937.994048	2260794103.034	   0.006	8049
59937.994164	2260794071.134	   0.004	8049
59937.994280	2260794047.634	   0.007	8049
59937.994395	2260794022.434	   0.006	8049
59937.994511	2260793990.834	   0.007	8049
59937.994627	2260793962.234	   0.007	8049
59937.994743	2260793934.134	   0.006	8049
59937.994858	2260793903.834	   0.006	8049
59937.994974	2260793878.034	   0.006	8049
59937.995090	2260793853.533	   0.007	8049
59937.995206	2260793822.433	   0.005	8049
59937.995321	2260793792.733	   0.006	8049
59937.995437	2260793765.133	   0.007	8049
59937.995553	2260793737.433	   0.006	8049
59937.995668	2260793709.333	   0.005	8049
59937.995784	2260793684.433	   0.005	8049
59937.995900	2260793655.133	   0.006	8049
59937.996016	2260793626.033	   0.007	8049
59937.996131	2260793601.232	   0.007	8049
59937.996247	2260793570.332	   0.009	8049
59937.996363	2260793544.232	   0.008	8049
59937.996479	2260793517.132	   0.005	8049
59937.996594	2260793488.332	   0.006	8049
59937.996710	2260793461.932	   0.008	8049
59937.996826	2260793433.232	   0.007	8049
59937.996942	2260793406.932	   0.006	8049
59937.997057	2260793376.332	   0.007	8049
59937.997173	2260793349.931	   0.007	8049
59937.997289	2260793317.131	   0.007	8049
59937.997405	2260793291.231	   0.007	8049
59937.997520	2260793266.431	   0.007	8049
59937.997636	2260793241.531	   0.007	8049
59937.997752	2260793212.331	   0.005	8049
59937.997868	2260793182.631	   0.010	8049
59937.997983	2260793151.331	   0.010	8049
59937.998099	2260793125.431	   0.009	8049
59937.998215	2260793097.930	   0.008	8049
59937.998331	2260793069.030	   0.007	8049
59937.998446	2260793045.130	   0.007	8049
59937.998562	2260793017.830	   0.010	8049
59937.998678	2260792988.230	   0.007	8049
59937.998794	2260792959.830	   0.011	8049
59937.998909	2260792932.230	   0.009	8049
59937.999025	2260792910.130	   0.009	8049
59937.999141	2260792878.930	   0.008	8049
59937.999256	2260792849.929	   0.007	8049
59937.999372	2260792824.129	   0.009	8049
59937.999488	2260792795.329	   0.007	8049
59937.999604	2260792770.529	   0.010	8049
59937.999719	2260792739.829	   0.008	8049
59937.999835	2260792714.329	   0.009	8049
59937.999951	2260792686.929	   0.009	8049
59938.000067	2260792661.629	   0.010	8049
59938.000182	2260792634.329	   0.009	8049
59938.000298	2260792607.828	   0.010	8049
59938.000414	2260792580.828	   0.009	8049
59938.000530	2260792551.828	   0.010	8049
59938.000645	2260792524.928	   0.006	8049
59938.000761	2260792494.828	   0.008	8049
59938.000877	2260792467.628	   0.007	8049
59938.000992	2260792446.628	   0.009	8049
59938.001108	2260792415.228	   0.010	8049
59938.001224	2260792390.228	   0.009	8049
59938.001340	2260792362.827	   0.009	8049
59938.001455	2260792335.127	   0.009	8049
59938.001571	2260792305.027	   0.007	8049
59938.001687	2260792277.027	   0.008	8049
59938.001803	2260792248.727	   0.007	8049
59938.001918	2260792223.027	   0.009	8049
59938.002034	2260792195.227	   0.008	8049
59938.002150	2260792165.927	   0.008	8049
59938.002266	2260792141.827	   0.007	8049
59938.002382	2260792110.426	   0.007	8049
59938.002497	2260792082.726	   0.007	8049
59938.002613	2260792055.726	   0.008	8049
59938.002729	2260792027.826	   0.008	8049
59938.002844	2260791998.126	   0.006	8049
59938.002960	2260791971.626	   0.007	8049
59938.003076	2260791940.526	   0.005	8049
59938.003192	2260791916.926	   0.006	8049
59938.003307	2260791888.326	   0.006	8049
59938.004465	2260791622.524	   0.004	8049
59938.004580	2260791591.824	   0.005	8049
59938.004812	2260791538.924	   0.007	8049
59938.004928	2260791515.424	   0.009	8049
59938.005043	2260791488.624	   0.007	8049
59938.005159	2260791461.324	   0.007	8049
59938.005275	2260791432.624	   0.007	8049
59938.005391	2260791409.924	   0.009	8049
59938.005506	2260791383.324	   0.009	8049
59938.005622	2260791357.523	   0.008	8049
59938.005738	2260791333.523	   0.007	8049
59938.005854	2260791305.223	   0.008	8049
59938.005969	2260791279.923	   0.009	8049
59938.006085	2260791257.323	   0.007	8049
59938.006201	2260791232.123	   0.007	8049
59938.006317	2260791200.123	   0.006	8049
59938.006432	2260791176.923	   0.006	8049
59938.006548	2260791149.723	   0.005	8049
59938.006664	2260791127.223	   0.006	8049
59938.006780	2260791100.722	   0.005	8049
59938.006895	2260791076.522	   0.005	8049
59938.007011	2260791050.522	   0.005	8049
59938.007127	2260791027.122	   0.005	8049
59938.007243	2260790998.022	   0.006	8049
59938.007358	2260790972.622	   0.006	8049
59938.007474	2260790949.622	   0.007	8049
59938.007590	2260790918.622	   0.007	8049
59938.007706	2260790891.622	   0.008	8049
59938.007821	2260790869.921	   0.005	8049
59938.007937	2260790843.221	   0.006	8049
59938.008053	2260790817.121	   0.007	8049
59938.008169	2260790789.621	   0.010	8049
59938.008284	2260790760.121	   0.006	8049
59938.008400	2260790735.021	   0.006	8049
59938.008516	2260790711.721	   0.004	8049
59938.008631	2260790687.521	   0.005	8049
59938.008747	2260790658.421	   0.005	8049
59938.008863	2260790636.521	   0.005	8049
59938.008979	2260790611.220	   0.004	8049
59938.009094	2260790582.920	   0.004	8049
59938.009210	2260790558.920	   0.004	8049
59938.009326	2260790534.620	   0.007	8049
59938.009442	2260790511.420	   0.005	8049
59938.009557	2260790491.020	   0.004	8049
59938.009673	2260790461.920	   0.007	8049
59938.009789	2260790435.520	   0.007	8049
59938.009905	2260790412.220	   0.006	8049
59938.010021	2260790385.520	   0.006	8049
59938.010136	2260790364.819	   0.007	8049
59938.010252	2260790337.819	   0.005	8049
59938.010368	2260790316.419	   0.006	8049
59938.010483	2260790292.719	   0.008	8049
59938.010599	2260790266.519	   0.009	8049
59938.010715	2260790245.519	   0.009	8049
59938.010831	2260790223.819	   0.008	8049
59938.010947	2260790200.719	   0.009	8049
59938.011062	2260790176.819	   0.007	8049
59938.011178	2260790156.419	   0.007	8049
59938.011294	2260790133.319	   0.008	8049
59938.011409	2260790112.618	   0.008	8049
59938.011525	2260790088.318	   0.008	8049
59938.011641	2260790062.618	   0.011	8049
59938.011757	2260790039.218	   0.008	8049
59938.011872	2260790013.318	   0.008	8049
59938.011988	2260789990.218	   0.006	8049
59938.012104	2260789968.618	   0.007	8049
59938.012219	2260789941.118	   0.009	8049
59938.012335	2260789920.518	   0.008	8049
59938.012451	2260789892.718	   0.007	8049
59938.012567	2260789869.917	   0.007	8049
59938.012682	2260789846.917	   0.009	8049
59938.012798	2260789824.517	   0.007	8049
59938.012914	2260789803.417	   0.006	8049
59938.013030	2260789775.617	   0.004	8049
59938.013146	2260789759.317	   0.004	8049
59938.013261	2260789732.617	   0.007	8049
59938.013377	2260789711.117	   0.007	8049
59938.013493	2260789693.617	   0.006	8049
59938.013608	2260789670.517	   0.006	8049
59938.013724	2260789648.717	   0.006	8049
59938.013840	2260789629.017	   0.008	8049
59938.013956	2260789608.916	   0.006	8049
59938.014071	2260789588.916	   0.005	8049
59938.014187	2260789566.616	   0.008	8049
59938.014303	2260789546.916	   0.006	8049
59938.014419	2260789526.116	   0.008	8049
59938.014534	2260789504.116	   0.005	8049
59938.014650	2260789486.616	   0.006	8049
59938.014766	2260789467.616	   0.004	8049
59938.014882	2260789445.816	   0.005	8049
59938.014997	2260789424.216	   0.006	8049
59938.015113	2260789402.016	   0.008	8049
59938.015229	2260789383.016	   0.005	8049
59938.015345	2260789357.915	   0.007	8049
59938.015460	2260789338.015	   0.006	8049
59938.015576	2260789317.415	   0.008	8049
59938.015692	2260789296.015	   0.007	8049
59938.015808	2260789277.615	   0.008	8049
59938.015923	2260789258.015	   0.009	8049
59938.016039	2260789235.215	   0.008	8049
59938.016155	2260789217.415	   0.010	8049
59938.016271	2260789200.215	   0.007	8049
59938.016386	2260789181.115	   0.007	8049
59938.016502	2260789162.215	   0.004	8049
59938.016618	2260789145.615	   0.005	8049
59938.016733	2260789126.215	   0.005	8049
59938.016849	2260789108.114	   0.005	8049
59938.016965	2260789089.914	   0.006	8049
59938.017081	2260789074.014	   0.008	8049
59938.017197	2260789056.814	   0.007	8049
59938.017312	2260789042.314	   0.007	8049
59938.017428	2260789026.714	   0.008	8049
59938.017544	2260789010.214	   0.006	8049
59938.017659	2260788993.014	   0.004	8049
59938.017775	2260788975.414	   0.005	8049
59938.017891	2260788956.714	   0.004	8049
59938.018122	2260788922.814	   0.005	8049
59938.018238	2260788904.714	   0.005	8049
59938.018354	2260788888.114	   0.005	8049
59938.018469	2260788870.413	   0.004	8049
59938.018585	2260788855.813	   0.004	8049
59938.018701	2260788837.213	   0.004	8049
59938.018817	2260788823.013	   0.004	8049
59938.024835	2260788366.511	   0.007	8049
59938.024951	2260788365.611	   0.004	8049
59938.025877	2260788382.712	   0.015	8049
59938.025993	2260788382.912	   0.008	8049
59938.026108	2260788384.012	   0.008	8049
59938.026224	2260788386.612	   0.003	8049
59938.026340	2260788388.812	   0.005	8049
59938.026456	2260788391.812	   0.005	8049
59938.026572	2260788397.012	   0.003	8049
