59939.857380	2260813056.794	   0.003	8049
59939.857495	2260813072.594	   0.004	8049
59939.857842	2260813133.594	   0.003	8049
59939.857958	2260813147.694	   0.003	8049
59939.858074	2260813162.194	   0.004	8049
59939.858421	2260813211.094	   0.004	8049
59939.858537	2260813225.694	   0.004	8049
59939.858653	2260813240.594	   0.004	8049
59939.858768	2260813251.494	   0.006	8049
59939.858884	2260813260.994	   0.009	8049
59939.859000	2260813267.894	   0.012	8049
59939.859116	2260813273.394	   0.011	8049
59939.859231	2260813277.194	   0.017	8049
59939.859347	2260813287.694	   0.008	8049
59939.859463	2260813297.294	   0.009	8049
59939.859579	2260813304.394	   0.009	8049
59939.859694	2260813309.794	   0.013	8049
59939.859810	2260813313.194	   0.021	8049
59939.859926	2260813314.594	   0.029	8049
59939.860042	2260813314.094	   0.017	8049
59939.860157	2260813312.294	   0.007	8049
59939.860273	2260813306.794	   0.008	8049
59939.860389	2260813306.294	   0.015	8049
59939.860505	2260813306.994	   0.056	8049
59939.860620	2260813306.694	   0.010	8049
59939.860736	2260813304.094	   0.009	8049
59939.860852	2260813298.494	   0.007	8049
59939.860967	2260813291.994	   0.008	8049
59939.861083	2260813284.094	   0.004	8049
59939.861199	2260813274.394	   0.008	8049
59939.861315	2260813260.094	   0.006	8049
59939.861430	2260813249.394	   0.007	8049
59939.861546	2260813240.494	   0.008	8049
59939.861662	2260813231.494	   0.007	8049
59939.861778	2260813221.494	   0.005	8049
59939.861894	2260813209.394	   0.004	8049
59939.862009	2260813195.294	   0.005	8049
59939.862125	2260813178.894	   0.004	8049
59939.862241	2260813161.094	   0.004	8049
59939.862356	2260813140.694	   0.004	8049
59939.862588	2260813097.094	   0.003	8049
59939.862704	2260813082.794	   0.003	8049
59939.863167	2260812999.993	   0.003	8049
59939.863630	2260812885.493	   0.004	8049
59939.863745	2260812858.893	   0.004	8049
59939.863861	2260812828.493	   0.003	8049
59939.864092	2260812777.493	   0.004	8049
59939.864208	2260812741.492	   0.006	8049
59939.864324	2260812708.392	   0.004	8049
59939.864440	2260812674.592	   0.004	8049
59939.864556	2260812635.892	   0.004	8049
59939.864671	2260812598.492	   0.004	8049
59939.864787	2260812555.292	   0.003	8049
59939.866523	2260811913.990	   0.003	8049
59939.866639	2260811869.390	   0.004	8049
59939.866755	2260811792.689	   0.003	8049
59939.866870	2260811748.789	   0.004	8049
59939.866986	2260811699.089	   0.004	8049
59939.867102	2260811644.889	   0.005	8049
59939.867218	2260811600.089	   0.004	8049
59939.867333	2260811537.488	   0.006	8049
59939.867449	2260811487.388	   0.005	8049
59939.867565	2260811428.288	   0.004	8049
59939.867680	2260811374.688	   0.005	8049
59939.867796	2260811315.088	   0.004	8049
59939.867912	2260811251.788	   0.005	8049
59939.868028	2260811192.387	   0.004	8049
59939.868143	2260811127.587	   0.003	8049
59939.868375	2260811004.787	   0.004	8049
59939.868491	2260810937.786	   0.004	8049
59939.868606	2260810869.686	   0.004	8049
59939.868722	2260810814.986	   0.004	8049
59939.868838	2260810735.686	   0.004	8049
59939.869069	2260810622.285	   0.004	8049
59939.869185	2260810553.485	   0.004	8049
59939.869301	2260810488.185	   0.003	8049
59939.869417	2260810399.285	   0.004	8049
59939.869532	2260810337.284	   0.004	8049
59939.869648	2260810251.684	   0.003	8049
59939.869764	2260810192.184	   0.003	8049
59939.870574	2260809657.982	   0.004	8049
59939.870806	2260809517.282	   0.004	8049
59939.870921	2260809440.281	   0.003	8049
59939.871037	2260809370.381	   0.004	8049
59939.871153	2260809282.881	   0.003	8049
59939.871268	2260809196.181	   0.004	8049
59939.871384	2260809121.180	   0.005	8049
59939.871500	2260809029.680	   0.005	8049
59939.871616	2260808953.080	   0.006	8049
59939.871731	2260808864.880	   0.005	8049
59939.871847	2260808783.679	   0.006	8049
59939.871963	2260808702.679	   0.006	8049
59939.872079	2260808601.979	   0.007	8049
59939.872194	2260808522.178	   0.006	8049
59939.872310	2260808444.878	   0.007	8049
59939.872426	2260808358.378	   0.008	8049
59939.872542	2260808272.178	   0.009	8049
59939.872657	2260808184.677	   0.020	8049
59939.872773	2260808088.277	   0.020	8049
59939.872889	2260808001.377	   0.021	8049
59939.873005	2260807915.376	   0.020	8049
59939.873120	2260807818.376	   0.023	8049
59939.873236	2260807727.276	   0.026	8049
59939.873352	2260807638.675	   0.024	8049
59939.873468	2260807541.975	   0.027	8049
59939.873583	2260807451.575	   0.025	8049
59939.873699	2260807364.375	   0.027	8049
59939.873815	2260807264.774	   0.032	8049
59939.873931	2260807182.774	   0.030	8049
59939.874046	2260807091.874	   0.018	8049
59939.874162	2260806985.073	   0.019	8049
59939.874278	2260806892.273	   0.020	8049
59939.874393	2260806798.773	   0.019	8049
59939.874509	2260806700.672	   0.019	8049
59939.874625	2260806595.272	   0.020	8049
59939.874741	2260806503.572	   0.022	8049
59939.874856	2260806407.571	   0.020	8049
59939.874972	2260806303.471	   0.021	8049
59939.875088	2260806209.471	   0.027	8049
59939.875204	2260806109.470	   0.023	8049
59939.875319	2260806019.570	   0.023	8049
59939.875435	2260805908.870	   0.053	8049
59939.875551	2260805818.569	   0.048	8049
59939.875667	2260805719.269	   0.055	8049
59939.875782	2260805614.769	   0.060	8049
59939.875898	2260805518.068	   0.060	8049
59939.876014	2260805409.168	   0.058	8049
59939.876130	2260805309.168	   0.060	8049
59939.876245	2260805197.267	   0.070	8049
59939.876361	2260805097.867	   0.061	8049
59939.876477	2260805000.767	   0.062	8049
59939.876592	2260804896.866	   0.075	8049
59939.876708	2260804783.366	   0.067	8049
59939.876824	2260804681.366	   0.069	8049
59939.876940	2260804579.165	   0.062	8049
59939.877056	2260804469.865	   0.063	8049
59939.877171	2260804375.065	   0.068	8049
59939.877287	2260804269.164	   0.075	8049
59939.877403	2260804167.764	   0.067	8049
59939.877518	2260804066.764	   0.065	8049
59939.877634	2260803953.763	   0.065	8049
59939.877750	2260803844.163	   0.067	8049
59939.877866	2260803739.662	   0.076	8049
59939.877981	2260803636.362	   0.071	8049
59939.878097	2260803528.962	   0.072	8049
59939.878213	2260803423.861	   0.074	8049
59939.878329	2260803307.261	   0.092	8049
59939.878444	2260803206.761	   0.112	8049
59939.878560	2260803099.860	   0.107	8049
59939.878676	2260802987.160	   0.098	8049
59939.878791	2260802881.660	   0.101	8049
59939.878907	2260802768.359	   0.110	8049
59939.879023	2260802663.659	   0.103	8049
59939.879139	2260802551.059	   0.103	8049
59939.879255	2260802447.758	   0.100	8049
59939.879370	2260802336.158	   0.111	8049
59939.879486	2260802228.957	   0.109	8049
59939.879602	2260802118.257	   0.115	8049
59939.879718	2260802006.357	   0.125	8049
59939.879833	2260801904.556	   0.143	8049
59939.879949	2260801793.656	   0.124	8049
59939.880065	2260801681.156	   0.140	8049
59939.880180	2260801575.855	   0.136	8049
59939.880296	2260801463.355	   0.125	8049
59939.880412	2260801356.455	   0.141	8049
59939.880528	2260801246.254	   0.137	8049
59939.880643	2260801136.954	   0.123	8049
59939.880759	2260801027.753	   0.131	8049
59939.880875	2260800919.853	   0.132	8049
59939.880991	2260800812.653	   0.131	8049
59939.881106	2260800699.452	   0.119	8049
59939.881222	2260800594.152	   0.113	8049
59939.881338	2260800485.152	   0.124	8049
59939.881454	2260800371.351	   0.146	8049
59939.881569	2260800259.451	   0.131	8049
59939.881685	2260800151.751	   0.123	8049
59939.881801	2260800036.350	   0.111	8049
59939.881917	2260799929.250	   0.115	8049
59939.882032	2260799826.449	   0.107	8049
59939.882148	2260799718.249	   0.115	8049
59939.882264	2260799605.749	   0.124	8049
59939.882379	2260799504.948	   0.113	8049
59939.882495	2260799394.548	   0.120	8049
59939.882611	2260799282.448	   0.112	8049
59939.882727	2260799174.647	   0.122	8049
59939.882843	2260799076.747	   0.112	8049
59939.882958	2260798964.047	   0.118	8049
59939.883074	2260798863.846	   0.109	8049
59939.883190	2260798751.646	   0.119	8049
59939.883305	2260798648.145	   0.124	8049
59939.883421	2260798543.745	   0.120	8049
59939.883537	2260798427.145	   0.118	8049
59939.883653	2260798318.744	   0.124	8049
59939.883769	2260798209.244	   0.127	8049
59939.883884	2260798105.544	   0.136	8049
59939.884000	2260797995.743	   0.132	8049
59939.884116	2260797890.543	   0.132	8049
59939.884231	2260797786.143	   0.138	8049
59939.884347	2260797680.742	   0.140	8049
59939.884463	2260797574.642	   0.145	8049
59939.884579	2260797472.142	   0.140	8049
59939.884694	2260797368.441	   0.160	8049
59939.884810	2260797258.641	   0.159	8049
59939.884926	2260797161.041	   0.161	8049
59939.885042	2260797060.340	   0.174	8049
59939.885157	2260796949.440	   0.153	8049
59939.885273	2260796851.940	   0.063	8049
59939.885389	2260796753.639	   0.065	8049
59939.885504	2260796645.139	   0.065	8049
59939.885620	2260796545.938	   0.063	8049
59939.885736	2260796443.738	   0.070	8049
59939.885852	2260796340.938	   0.074	8049
59939.885968	2260796239.337	   0.081	8049
59939.886083	2260796137.437	   0.249	8049
59939.886199	2260796029.937	   0.254	8049
59939.886315	2260795938.936	   0.253	8049
59939.886430	2260795829.236	   0.266	8049
59939.886546	2260795729.236	   0.279	8049
59939.886662	2260795630.135	   0.288	8049
59939.886778	2260795535.535	   0.298	8049
59939.886894	2260795441.035	   0.312	8049
59939.887010	2260795345.834	   0.292	8049
59939.887125	2260795252.234	   0.317	8049
59939.887241	2260795155.634	   0.313	8049
59939.887357	2260795056.934	   0.311	8049
59939.887472	2260794961.833	   0.324	8049
59939.887588	2260794862.233	   0.338	8049
59939.887704	2260794764.633	   0.386	8049
59939.887819	2260794670.032	   0.353	8049
59939.887935	2260794582.132	   0.333	8049
59939.888051	2260794484.732	   0.370	8049
59939.888167	2260794390.131	   0.302	8049
59939.888283	2260794300.931	   0.352	8049
59939.888398	2260794212.831	   0.351	8049
59939.888514	2260794124.630	   0.412	8049
59939.888630	2260794035.530	   0.418	8049
59939.888745	2260793950.530	   0.348	8049
59939.888861	2260793855.530	   0.359	8049
59939.888977	2260793755.129	   0.329	8049
59939.889093	2260793674.929	   0.349	8049
59939.889209	2260793585.629	   0.340	8049
59939.889324	2260793493.128	   0.318	8049
59939.889440	2260793415.428	   0.300	8049
59939.889556	2260793318.828	   0.255	8049
59939.889671	2260793242.127	   0.253	8049
59939.889787	2260793157.027	   0.303	8049
59939.889903	2260793072.427	   0.246	8049
59939.890019	2260792998.027	   0.295	8049
59939.890134	2260792911.926	   0.361	8049
59939.890250	2260792825.826	   0.352	8049
59939.890366	2260792744.226	   0.322	8049
59939.890482	2260792659.526	   0.311	8049
59939.890597	2260792578.325	   0.329	8049
59939.890713	2260792497.825	   0.355	8049
59939.890829	2260792422.225	   0.338	8049
59939.890944	2260792344.324	   0.317	8049
59939.891060	2260792262.824	   0.309	8049
59939.891176	2260792187.624	   0.303	8049
59939.891292	2260792117.624	   0.310	8049
59939.891407	2260792041.823	   0.298	8049
59939.891523	2260791969.323	   0.268	8049
59939.891639	2260791888.323	   0.312	8049
59939.891755	2260791815.323	   0.291	8049
59939.891870	2260791739.522	   0.282	8049
59939.891986	2260791667.522	   0.334	8049
59939.892102	2260791595.122	   0.320	8049
59939.892218	2260791527.622	   0.324	8049
59939.892333	2260791458.522	   0.295	8049
59939.892449	2260791394.621	   0.307	8049
59939.892565	2260791330.421	   0.432	8049
59939.892681	2260791258.921	   0.378	8049
59939.892796	2260791190.421	   0.393	8049
59939.892912	2260791120.620	   0.465	8049
59939.893028	2260791054.720	   0.412	8049
59939.893144	2260790990.620	   0.396	8049
59939.893259	2260790923.220	   0.436	8049
59939.893375	2260790863.820	   0.438	8049
59939.893491	2260790806.119	   0.495	8049
59939.893607	2260790746.719	   0.466	8049
59939.893722	2260790693.619	   0.505	8049
59939.893838	2260790630.719	   0.412	8049
59939.893954	2260790567.319	   0.455	8049
59939.894069	2260790506.818	   0.432	8049
59939.894185	2260790454.418	   0.449	8049
59939.894301	2260790391.318	   0.479	8049
59939.894417	2260790336.018	   0.556	8049
59939.894532	2260790279.618	   0.510	8049
59939.894648	2260790234.117	   0.568	8049
59939.894764	2260790178.517	   0.548	8049
59939.894880	2260790129.517	   0.608	8049
59939.894995	2260790079.317	   0.494	8049
59939.895111	2260790026.017	   0.527	8049
59939.895227	2260789971.417	   0.567	8049
59939.895343	2260789920.916	   0.557	8049
59939.895458	2260789875.116	   0.646	8049
59939.895574	2260789827.316	   0.602	8049
59939.895690	2260789784.916	   0.675	8049
59939.895806	2260789741.516	   0.663	8049
59939.895921	2260789699.616	   0.830	8049
59939.896037	2260789656.716	   0.905	8049
59939.896153	2260789614.415	   0.687	8049
59939.896269	2260789571.415	   0.771	8049
59939.896384	2260789529.115	   0.765	8049
59939.896500	2260789487.515	   0.756	8049
59939.896616	2260789446.815	   0.759	8049
59939.896732	2260789407.615	   0.735	8049
59939.896847	2260789373.215	   0.856	8049
59939.896963	2260789340.314	   0.855	8049
59939.897079	2260789306.114	   1.088	8049
59939.897194	2260789275.814	   1.011	8049
59939.897310	2260789239.714	   0.813	8049
59939.897426	2260789205.614	   0.770	8049
59939.897542	2260789170.114	   0.805	8049
59939.897658	2260789136.114	   0.745	8049
59939.897773	2260789106.014	   0.803	8049
59939.897889	2260789079.314	   1.010	8049
59939.898005	2260789049.313	   1.071	8049
59939.898120	2260789026.613	   1.016	8049
59939.898236	2260789002.513	   1.250	8049
59939.898352	2260788980.113	   0.916	8049
59939.898468	2260788953.013	   0.919	8049
59939.898584	2260788926.513	   0.976	8049
59939.898699	2260788900.513	   1.068	8049
59939.898815	2260788880.013	   1.279	8049
59939.898931	2260788859.513	   1.692	8049
59939.899046	2260788839.913	   1.856	8049
59939.899162	2260788823.513	   1.464	8049
59939.899278	2260788808.713	   1.845	8049
59939.899394	2260788795.713	   2.261	8049
59939.899510	2260788777.813	   1.500	8049
59939.899625	2260788759.013	   1.691	8049
59939.899741	2260788741.512	   2.118	8049
59939.899856	2260788729.112	   1.812	8049
59939.899972	2260788716.212	   2.517	8049
59939.900088	2260788705.312	   3.178	8049
59939.900204	2260788697.612	   4.170	8049
59939.900319	2260788690.812	   5.194	8049
59939.900435	2260788685.212	   7.759	8049
59939.900551	2260788677.912	   3.066	8049
59939.900667	2260788669.012	   3.364	8049
59939.900782	2260788660.812	   5.254	8049
59939.900898	2260788654.612	   5.049	8049
59939.901014	2260788649.512	  10.216	8049
59939.901130	2260788647.412	  15.412	8049
59939.901246	2260788647.112	  30.069	8049
59939.901362	2260788648.612	  13.503	8049
59939.901477	2260788651.812	   9.469	8049
59939.901593	2260788656.712	  27.861	8049
59939.901708	2260788655.212	  37.171	8049
59939.901824	2260788655.512	  14.495	8049
59939.901940	2260788657.512	  12.633	8049
59939.902056	2260788661.012	   7.260	8049
59939.902171	2260788666.812	   7.533	8049
59939.902287	2260788673.612	   4.382	8049
59939.902403	2260788685.112	   3.340	8049
59939.902519	2260788695.812	   2.726	8049
59939.902634	2260788709.612	   2.215	8049
59939.902750	2260788717.912	   4.650	8049
59939.902866	2260788726.512	   3.431	8049
59939.902982	2260788735.812	   2.718	8049
59939.903098	2260788748.612	   2.230	8049
59939.903213	2260788763.113	   2.085	8049
59939.903329	2260788779.413	   1.315	8049
59939.903445	2260788797.013	   1.374	8049
59939.903560	2260788813.513	   1.289	8049
59939.903676	2260788834.013	   1.009	8049
59939.903792	2260788860.113	   1.725	8049
59939.903907	2260788876.413	   1.558	8049
59939.904023	2260788893.913	   1.375	8049
59939.904139	2260788913.013	   1.132	8049
59939.904255	2260788933.113	   1.560	8049
59939.904370	2260788956.913	   1.583	8049
59939.904486	2260788981.713	   1.222	8049
59939.904602	2260789009.513	   1.210	8049
59939.904718	2260789037.613	   0.959	8049
59939.904833	2260789067.514	   1.074	8049
59939.904949	2260789095.014	   1.191	8049
59939.905065	2260789123.414	   1.093	8049
59939.905181	2260789150.714	   1.060	8049
59939.905296	2260789180.014	   1.027	8049
59939.905412	2260789212.414	   0.717	8049
59939.905528	2260789244.514	   0.712	8049
59939.905644	2260789276.914	   0.581	8049
59939.905760	2260789311.614	   0.466	8049
59939.938051	2260812121.390	   0.029	8049
59939.938167	2260812149.190	   0.123	8049
59939.938283	2260812178.491	   0.089	8049
59939.938514	2260811801.189	   0.147	8049
59939.938630	2260811832.189	   0.126	8049
59939.938746	2260811868.790	   0.131	8049
59939.938861	2260811901.190	   0.140	8049
59939.938977	2260811929.590	   0.181	8049
59939.939093	2260811958.090	   0.154	8049
59939.939208	2260811987.190	   0.155	8049
59939.939324	2260812012.690	   0.106	8049
59939.939440	2260812037.190	   0.121	8049
59939.939556	2260812059.290	   0.123	8049
59939.939672	2260812081.090	   0.154	8049
59939.939787	2260812106.490	   0.117	8049
59939.939903	2260812131.290	   0.110	8049
59939.940019	2260812155.991	   0.107	8049
59939.940135	2260812178.491	   0.129	8049
59939.940250	2260812199.891	   0.138	8049
59939.940366	2260812215.891	   0.181	8049
59939.940482	2260812233.991	   0.204	8049
59939.940598	2260812248.991	   0.248	8049
59939.940713	2260812261.791	   0.443	8049
59939.940829	2260812273.791	   0.264	8049
59939.940945	2260812291.891	   0.359	8049
59939.941060	2260812309.491	   0.418	8049
59939.941176	2260812322.791	   0.452	8049
59939.941292	2260812335.091	   0.715	8049
59939.941408	2260812346.391	   0.731	8049
59939.941524	2260812355.191	   0.859	8049
59939.941639	2260812362.191	   1.434	8049
59939.941755	2260812367.291	   2.307	8049
59939.941871	2260812370.491	   2.393	8049
59939.941986	2260812377.091	   0.786	8049
59939.942102	2260812385.791	   0.822	8049
59939.942218	2260812393.591	   0.876	8049
59939.942334	2260812398.191	   1.662	8049
59939.942449	2260812401.091	   3.121	8049
59939.942565	2260812401.791	   8.170	8049
59939.942681	2260812401.191	   1.938	8049
59939.942796	2260812398.391	   1.407	8049
59939.942912	2260812394.391	   0.710	8049
59939.943028	2260812389.091	   2.957	8049
59939.943144	2260812389.791	   5.919	8049
59939.943260	2260812388.491	   3.723	8049
59939.943375	2260812385.391	   1.462	8049
59939.943491	2260812381.191	   1.850	8049
59939.943607	2260812374.391	   1.086	8049
59939.943722	2260812364.791	   1.296	8049
59939.943838	2260812353.891	   1.256	8049
59939.943954	2260812341.991	   0.824	8049
59939.944070	2260812329.291	   0.733	8049
59939.944185	2260812317.491	   1.319	8049
59939.944301	2260812307.691	   1.174	8049
59939.944417	2260812297.591	   0.936	8049
59939.944533	2260812285.691	   0.987	8049
59939.944649	2260812269.091	   0.810	8049
59939.944764	2260812253.791	   1.108	8049
59939.944880	2260812233.991	   0.472	8049
59939.944995	2260812214.091	   0.602	8049
59939.945111	2260812191.891	   0.383	8049
59939.945227	2260812168.391	   0.409	8049
59939.945343	2260812151.391	   0.489	8049
59939.945459	2260812134.190	   0.394	8049
59939.945575	2260812113.290	   0.387	8049
59939.945690	2260812091.490	   0.321	8049
59939.945806	2260812063.390	   0.300	8049
59939.945922	2260812041.590	   0.268	8049
59939.946037	2260812015.190	   0.242	8049
59939.946153	2260811983.090	   0.254	8049
59939.946269	2260811948.690	   0.447	8049
59939.946384	2260811920.090	   0.687	8049
59939.946500	2260811893.590	   0.523	8049
59939.946616	2260811866.190	   0.575	8049
59939.946732	2260811834.189	   0.431	8049
59939.946847	2260811804.489	   0.564	8049
59939.946963	2260811769.789	   0.457	8049
59939.947079	2260811736.889	   0.414	8049
59939.947195	2260811701.689	   0.376	8049
59939.947311	2260811661.289	   0.332	8049
59939.947426	2260811619.889	   0.361	8049
59939.947542	2260811582.789	   0.422	8049
59939.947657	2260811546.888	   0.471	8049
59939.947773	2260811508.588	   0.238	8049
59939.947890	2260811468.988	   0.214	8049
59939.948005	2260811429.088	   0.192	8049
59939.948121	2260811386.688	   0.187	8049
59939.948236	2260811345.788	   0.194	8049
59939.948352	2260811296.188	   0.170	8049
59939.948468	2260811250.888	   0.187	8049
59939.948584	2260811198.787	   0.180	8049
59939.948700	2260811155.087	   0.218	8049
59939.948815	2260811109.487	   0.213	8049
59939.948931	2260811065.887	   0.202	8049
59939.949046	2260811013.287	   0.189	8049
59939.949162	2260810964.587	   0.267	8049
59939.949278	2260810914.686	   0.288	8049
59939.949394	2260810865.186	   0.261	8049
59939.949509	2260810803.486	   0.277	8049
59939.949625	2260810749.486	   0.257	8049
59939.949741	2260810691.686	   0.276	8049
59939.949857	2260810635.285	   0.298	8049
59939.949972	2260810586.785	   0.308	8049
59939.950088	2260810531.885	   0.286	8049
59939.950204	2260810473.485	   0.279	8049
59939.950320	2260810421.685	   0.267	8049
59939.950435	2260810360.385	   0.285	8049
59939.950551	2260810300.884	   0.267	8049
59939.950667	2260810237.584	   0.278	8049
59939.950783	2260810175.184	   0.253	8049
59939.950898	2260810106.884	   0.281	8049
59939.951014	2260810045.683	   0.261	8049
59939.951130	2260809983.083	   0.276	8049
59939.951246	2260809920.983	   0.247	8049
59939.951361	2260809855.483	   0.239	8049
59939.951477	2260809792.883	   0.270	8049
59939.951593	2260809723.582	   0.244	8049
59939.951709	2260809660.682	   0.247	8049
59939.951824	2260809590.482	   0.237	8049
59939.951940	2260809515.482	   0.237	8049
59939.952056	2260809443.181	   0.238	8049
59939.952171	2260809367.281	   0.296	8049
59939.952287	2260809297.581	   0.275	8049
59939.952403	2260809236.081	   0.282	8049
59939.952519	2260809166.981	   0.308	8049
59939.952634	2260809087.680	   0.297	8049
59939.952750	2260809014.480	   0.289	8049
59939.952866	2260808942.480	   0.289	8049
59939.952982	2260808862.680	   0.291	8049
59939.953097	2260808786.679	   0.279	8049
59939.953213	2260808703.979	   0.276	8049
59939.953329	2260808622.779	   0.363	8049
59939.953445	2260808544.778	   0.357	8049
59939.953560	2260808465.378	   0.390	8049
59939.953676	2260808394.578	   0.353	8049
59939.953792	2260808310.278	   0.373	8049
59939.953908	2260808232.577	   0.362	8049
59939.954023	2260808159.677	   0.319	8049
59939.954139	2260808067.777	   0.340	8049
59939.954255	2260807992.077	   0.321	8049
59939.954371	2260807905.876	   0.340	8049
59939.954487	2260807817.776	   0.316	8049
59939.954602	2260807731.676	   0.318	8049
59939.954718	2260807639.675	   0.325	8049
59939.954834	2260807557.275	   0.300	8049
59939.954949	2260807477.975	   0.342	8049
59939.955065	2260807387.775	   0.351	8049
59939.955181	2260807301.674	   0.342	8049
59939.955297	2260807213.874	   0.352	8049
59939.955413	2260807128.074	   0.338	8049
59939.955528	2260807038.573	   0.340	8049
59939.955644	2260806947.573	   0.331	8049
59939.955760	2260806855.973	   0.314	8049
59939.955875	2260806763.873	   0.302	8049
59939.955991	2260806673.872	   0.356	8049
59939.956107	2260806576.972	   0.282	8049
59939.956223	2260806481.472	   0.301	8049
59939.956338	2260806389.171	   0.308	8049
59939.956454	2260806298.771	   0.289	8049
59939.956570	2260806208.071	   0.296	8049
59939.956686	2260806109.270	   0.263	8049
59939.956801	2260806018.370	   0.244	8049
59939.956917	2260805927.870	   0.241	8049
59939.957033	2260805828.869	   0.240	8049
59939.957149	2260805732.469	   0.237	8049
59939.957265	2260805635.069	   0.211	8049
59939.957380	2260805528.468	   0.232	8049
59939.957496	2260805441.468	   0.231	8049
59939.957612	2260805333.468	   0.180	8049
59939.957727	2260805228.167	   0.172	8049
59939.957843	2260805139.767	   0.189	8049
59939.957959	2260805043.767	   0.181	8049
59939.958074	2260804941.566	   0.177	8049
59939.958190	2260804840.866	   0.187	8049
59939.958306	2260804745.466	   0.169	8049
59939.958422	2260804645.565	   0.169	8049
59939.958537	2260804538.965	   0.171	8049
59939.958653	2260804438.465	   0.171	8049
59939.958769	2260804334.964	   0.154	8049
59939.958885	2260804226.564	   0.198	8049
59939.959000	2260804133.464	   0.207	8049
59939.959116	2260804029.863	   0.211	8049
59939.959232	2260803925.563	   0.180	8049
59939.959348	2260803823.063	   0.172	8049
59939.959464	2260803708.562	   0.177	8049
59939.959579	2260803609.562	   0.154	8049
59939.959695	2260803492.662	   0.142	8049
59939.959811	2260803392.761	   0.136	8049
59939.959927	2260803289.461	   0.132	8049
59939.960042	2260803198.361	   0.139	8049
59939.960158	2260803087.360	   0.130	8049
59939.960273	2260802986.460	   0.131	8049
59939.960389	2260802875.360	   0.096	8049
59939.960505	2260802764.859	   0.132	8049
59939.960621	2260802659.059	   0.111	8049
59939.960737	2260802564.759	   0.118	8049
59939.960852	2260802454.058	   0.093	8049
59939.960968	2260802347.058	   0.093	8049
59939.961084	2260802237.457	   0.088	8049
59939.961200	2260802125.357	   0.086	8049
59939.961315	2260802015.257	   0.083	8049
59939.961431	2260801917.156	   0.086	8049
59939.961547	2260801803.356	   0.085	8049
59939.961663	2260801683.056	   0.087	8049
59939.961779	2260801574.855	   0.085	8049
59939.961894	2260801468.055	   0.078	8049
59939.962010	2260801355.055	   0.082	8049
59939.962125	2260801258.754	   0.087	8049
59939.962241	2260801141.054	   0.087	8049
59939.962357	2260801035.653	   0.093	8049
59939.962473	2260800929.253	   0.095	8049
59939.962588	2260800813.753	   0.097	8049
59939.962704	2260800708.352	   0.098	8049
59939.962820	2260800603.552	   0.104	8049
59939.962936	2260800487.452	   0.107	8049
59939.963052	2260800386.051	   0.098	8049
59939.963168	2260800274.051	   0.120	8049
59939.963283	2260800163.551	   0.114	8049
59939.963399	2260800046.150	   0.109	8049
59939.963514	2260799950.850	   0.116	8049
59939.963630	2260799825.349	   0.122	8049
59939.963746	2260799730.549	   0.118	8049
59939.963862	2260799614.249	   0.133	8049
59939.963978	2260799504.748	   0.144	8049
59939.964093	2260799392.948	   0.134	8049
59939.964209	2260799283.548	   0.134	8049
59939.964324	2260799179.747	   0.149	8049
59939.964440	2260799068.047	   0.157	8049
59939.964556	2260798966.247	   0.133	8049
59939.964672	2260798853.646	   0.130	8049
59939.964788	2260798745.846	   0.115	8049
59939.964904	2260798643.445	   0.134	8049
59939.965020	2260798521.745	   0.136	8049
59939.965135	2260798416.745	   0.139	8049
59939.965250	2260798312.344	   0.162	8049
59939.965366	2260798196.844	   0.150	8049
59939.965482	2260798095.744	   0.156	8049
59939.965598	2260797993.743	   0.155	8049
59939.965714	2260797882.043	   0.157	8049
59939.965829	2260797776.043	   0.181	8049
59939.965945	2260797671.242	   0.165	8049
59939.966061	2260797560.342	   0.165	8049
59939.966177	2260797452.342	   0.174	8049
59939.966292	2260797348.241	   0.141	8049
59939.966408	2260797245.441	   0.066	8049
59939.966524	2260797127.140	   0.010	8049
59939.966755	2260796901.940	   0.012	8049
59939.966871	2260796807.239	   0.078	8049
59939.966986	2260796702.139	   0.195	8049
59939.967102	2260796601.839	   0.175	8049
59939.967218	2260796496.338	   0.190	8049
59939.967334	2260796403.938	   0.139	8049
59939.967449	2260796282.038	   0.118	8049
59939.967565	2260796187.637	   0.126	8049
59939.967681	2260796083.337	   0.126	8049
59939.967797	2260795978.937	   0.117	8049
59939.967912	2260795881.136	   0.118	8049
59939.968028	2260795782.536	   0.110	8049
59939.968144	2260795680.136	   0.105	8049
59939.968260	2260795571.135	   0.105	8049
59939.968375	2260795469.335	   0.103	8049
59939.968491	2260795357.435	   0.090	8049
59939.968607	2260795265.234	   0.089	8049
59939.968723	2260795167.034	   0.176	8049
59939.968838	2260795064.334	   0.092	8049
59939.968954	2260794959.433	   0.089	8049
59939.969070	2260794870.233	   0.076	8049
59939.969185	2260794762.533	   0.089	8049
59939.969301	2260794661.232	   0.080	8049
59939.969417	2260794568.332	   0.072	8049
59939.969533	2260794473.232	   0.070	8049
59939.969648	2260794385.331	   0.074	8049
59939.969764	2260794284.431	   0.069	8049
59939.969880	2260794183.631	   0.060	8049
59939.969996	2260794087.530	   0.060	8049
59939.970111	2260793984.430	   0.167	8049
59939.970227	2260793897.330	   0.178	8049
59939.970343	2260793799.829	   0.196	8049
59939.970458	2260793699.629	   0.182	8049
59939.970574	2260793606.029	   0.187	8049
59939.970690	2260793518.428	   0.183	8049
59939.970806	2260793420.028	   0.188	8049
59939.970921	2260793336.328	   0.176	8049
59939.971037	2260793246.527	   0.172	8049
59939.971153	2260793161.927	   0.169	8049
59939.971269	2260793070.327	   0.153	8049
59939.971384	2260792978.427	   0.157	8049
59939.971500	2260792885.826	   0.169	8049
59939.971616	2260792791.826	   0.205	8049
59939.971732	2260792703.226	   0.241	8049
59939.971847	2260792617.125	   0.218	8049
59939.971963	2260792524.225	   0.215	8049
59939.972079	2260792440.425	   0.190	8049
59939.972195	2260792353.225	   0.184	8049
59939.972310	2260792273.124	   0.198	8049
59939.972426	2260792193.124	   0.195	8049
59939.972542	2260792114.524	   0.189	8049
59939.972658	2260792024.423	   0.171	8049
59939.972773	2260791945.123	   0.150	8049
59939.972889	2260791853.123	   0.167	8049
59939.973005	2260791776.423	   0.163	8049
59939.973121	2260791692.822	   0.168	8049
59939.973236	2260791615.222	   0.173	8049
59939.973352	2260791528.122	   0.163	8049
59939.973468	2260791453.022	   0.157	8049
59939.973584	2260791384.321	   0.154	8049
59939.973699	2260791299.821	   0.148	8049
59939.973815	2260791228.821	   0.142	8049
59939.973931	2260791154.721	   0.148	8049
59939.974047	2260791078.020	   0.132	8049
59939.974162	2260790998.620	   0.151	8049
59939.974278	2260790922.820	   0.145	8049
59939.974394	2260790849.219	   0.139	8049
59939.974510	2260790776.419	   0.133	8049
59939.974625	2260790704.719	   0.136	8049
59939.974741	2260790633.319	   0.147	8049
59939.974857	2260790567.719	   0.149	8049
59939.974973	2260790498.418	   0.154	8049
59939.975088	2260790430.118	   0.151	8049
59939.975204	2260790370.018	   0.141	8049
59939.975320	2260790295.118	   0.130	8049
59939.975436	2260790225.417	   0.143	8049
59939.975551	2260790152.917	   0.150	8049
59939.975667	2260790092.417	   0.155	8049
59939.975783	2260790023.917	   0.174	8049
59939.975898	2260789964.517	   0.160	8049
59939.976014	2260789901.716	   0.168	8049
59939.976130	2260789841.216	   0.213	8049
59939.976246	2260789783.216	   0.207	8049
59939.976361	2260789729.316	   0.187	8049
59939.976477	2260789670.016	   0.197	8049
59939.976593	2260789602.715	   0.218	8049
59939.976709	2260789542.815	   0.211	8049
59939.976825	2260789488.715	   0.261	8049
59939.976940	2260789429.115	   0.289	8049
59939.977056	2260789374.815	   0.254	8049
59939.977172	2260789320.114	   0.397	8049
59939.977287	2260789269.114	   0.416	8049
59939.977403	2260789219.614	   0.467	8049
59939.977519	2260789168.814	   0.520	8049
59939.977635	2260789120.214	   0.482	8049
59939.977750	2260789065.914	   0.472	8049
59939.977866	2260789008.813	   0.471	8049
59939.977982	2260788966.513	   0.466	8049
59939.978098	2260788913.613	   0.580	8049
59939.978213	2260788864.613	   0.552	8049
59939.978329	2260788823.713	   0.605	8049
59939.978445	2260788780.613	   0.829	8049
59939.978561	2260788737.512	   0.626	8049
59939.978677	2260788701.612	   0.620	8049
59939.978792	2260788653.312	   0.694	8049
59939.978908	2260788607.712	   0.695	8049
59939.979024	2260788561.612	   0.668	8049
59939.979139	2260788525.812	   0.701	8049
59939.979255	2260788483.212	   0.717	8049
59939.979371	2260788444.811	   0.657	8049
59939.979487	2260788412.311	   0.819	8049
59939.979602	2260788377.011	   0.751	8049
59939.979718	2260788347.711	   0.853	8049
59939.979834	2260788312.111	   0.685	8049
59939.979949	2260788277.111	   0.864	8049
59939.980066	2260788240.711	   0.941	8049
59939.980181	2260788207.211	   1.113	8049
59939.980297	2260788175.511	   1.226	8049
59939.980412	2260788148.910	   1.071	8049
59939.980528	2260788120.010	   1.290	8049
59939.980644	2260788095.310	   1.400	8049
59939.980759	2260788070.510	   1.406	8049
59939.980875	2260788047.510	   1.567	8049
59939.980991	2260788019.810	   1.162	8049
59939.981107	2260787990.510	   1.538	8049
59939.981223	2260787966.210	   1.451	8049
59939.981338	2260787944.210	   1.586	8049
59939.981454	2260787922.610	   1.459	8049
59939.981570	2260787899.410	   1.555	8049
59939.981685	2260787883.110	   1.742	8049
59939.981801	2260787864.810	   2.075	8049
59939.981917	2260787852.110	   3.018	8049
59939.982033	2260787835.009	   1.385	8049
59939.982148	2260787817.509	   1.346	8049
59939.982264	2260787798.909	   1.780	8049
59939.982380	2260787782.009	   1.687	8049
59939.982496	2260787769.809	   2.629	8049
59939.982611	2260787758.209	   2.183	8049
59939.982727	2260787748.109	   2.515	8049
59939.982843	2260787741.109	   3.007	8049
59939.982959	2260787733.909	   3.842	8049
59939.983075	2260787729.809	   8.837	8049
59939.983190	2260787717.509	   2.389	8049
59939.983306	2260787708.409	   2.316	8049
59939.983422	2260787701.309	   3.372	8049
59939.983538	2260787694.809	   5.339	8049
59939.983654	2260787691.609	  11.675	8049
59939.983769	2260787689.709	  18.040	8049
59939.983885	2260787689.709	  21.448	8049
59939.984001	2260787691.409	  10.339	8049
59939.984116	2260787695.009	   5.595	8049
59939.984232	2260787696.609	  11.954	8049
59939.984348	2260787695.109	  23.102	8049
59939.984463	2260787695.909	  12.696	8049
59939.984579	2260787698.609	  13.061	8049
59939.984695	2260787701.809	   3.970	8049
59939.984811	2260787708.809	   3.117	8049
59939.984926	2260787716.709	   2.916	8049
59939.985042	2260787727.409	   3.386	8049
59939.985158	2260787738.709	   2.422	8049
59939.985274	2260787752.209	   3.856	8049
59939.985389	2260787758.809	   4.508	8049
59939.985505	2260787766.309	   2.377	8049
59939.985621	2260787777.809	   1.882	8049
59939.985736	2260787790.409	   2.348	8049
59939.985852	2260787802.209	   2.101	8049
59939.985968	2260787819.109	   1.521	8049
59939.986083	2260787839.009	   1.528	8049
59939.986199	2260787856.110	   1.669	8049
59939.986315	2260787876.510	   1.292	8049
59939.986431	2260787896.710	   1.721	8049
59939.986547	2260787914.810	   1.807	8049
59939.986662	2260787932.410	   1.423	8049
59939.986778	2260787954.610	   1.317	8049
59939.986894	2260787974.710	   1.228	8049
59939.987010	2260787997.010	   0.992	8049
59939.987125	2260788024.010	   0.910	8049
59939.987241	2260788050.810	   0.800	8049
59939.987357	2260788079.610	   0.800	8049
59939.987473	2260788111.910	   0.825	8049
59939.987589	2260788136.210	   0.928	8049
59939.987704	2260788161.211	   0.742	8049
59939.987820	2260788190.211	   0.704	8049
59939.987935	2260788221.211	   0.775	8049
59939.988051	2260788249.811	   0.863	8049
59939.988167	2260788283.211	   0.548	8049
59939.988283	2260788317.811	   0.518	8049
59939.988398	2260788355.011	   0.823	8049
59940.020690	2260811047.487	   0.648	8049
59940.020805	2260811085.387	   0.595	8049
59940.020921	2260811102.587	   0.018	8049
59940.021037	2260810703.386	   0.423	8049
59940.021153	2260810726.586	   0.597	8049
59940.021268	2260810758.486	   0.499	8049
59940.021384	2260810792.286	   0.495	8049
59940.021500	2260810828.886	   0.546	8049
59940.021616	2260810859.386	   0.536	8049
59940.021732	2260810886.786	   0.569	8049
59940.021847	2260810912.686	   0.587	8049
59940.021963	2260810942.086	   0.661	8049
59940.022079	2260810965.587	   0.756	8049
59940.022194	2260810984.487	   0.969	8049
59940.022310	2260811005.387	   1.073	8049
59940.022426	2260811029.787	   0.599	8049
59940.022542	2260811056.187	   0.745	8049
59940.022657	2260811078.987	   1.008	8049
59940.022773	2260811102.687	   1.078	8049
59940.022889	2260811124.087	   0.889	8049
59940.023005	2260811140.287	   1.361	8049
59940.023120	2260811156.787	   1.392	8049
59940.023236	2260811171.487	   1.225	8049
59940.023352	2260811183.687	   1.471	8049
59940.023468	2260811195.787	   0.924	8049
59940.023583	2260811214.787	   1.167	8049
59940.023699	2260811229.787	   1.110	8049
59940.023815	2260811244.587	   1.034	8049
59940.023931	2260811255.688	   1.455	8049
59940.024046	2260811265.788	   1.200	8049
59940.024162	2260811274.888	   1.761	8049
59940.024278	2260811281.988	   2.659	8049
59940.024394	2260811287.188	   2.454	8049
59940.024509	2260811290.488	   5.601	8049
59940.024625	2260811297.588	   1.660	8049
59940.024741	2260811305.888	   1.954	8049
59940.024856	2260811312.088	   3.828	8049
59940.024972	2260811316.088	   8.100	8049
59940.025088	2260811318.888	  18.893	8049
59940.025204	2260811319.588	  27.011	8049
59940.025319	2260811318.788	  10.000	8049
59940.025435	2260811315.788	   4.229	8049
59940.025551	2260811311.688	   2.619	8049
59940.025667	2260811305.788	  14.734	8049
59940.025782	2260811306.388	  17.410	8049
59940.025898	2260811304.688	   5.724	8049
59940.026014	2260811301.388	   2.526	8049
59940.026130	2260811296.188	   2.480	8049
59940.026245	2260811289.788	   1.996	8049
59940.026361	2260811280.188	   1.141	8049
59940.026477	2260811269.388	   1.108	8049
59940.026593	2260811257.088	   1.086	8049
59940.026708	2260811243.487	   0.746	8049
59940.026824	2260811231.087	   1.265	8049
59940.026940	2260811222.987	   1.198	8049
59940.027055	2260811211.387	   0.812	8049
59940.027171	2260811196.687	   0.858	8049
59940.027287	2260811184.887	   0.680	8049
59940.027403	2260811168.087	   0.631	8049
59940.027518	2260811150.287	   0.573	8049
59940.027634	2260811128.787	   0.734	8049
59940.027750	2260811104.387	   0.492	8049
59940.027866	2260811080.787	   0.465	8049
59940.027981	2260811064.587	   0.595	8049
59940.028097	2260811045.387	   0.567	8049
59940.028213	2260811025.087	   0.626	8049
59940.028329	2260811001.687	   0.546	8049
59940.028444	2260810976.187	   0.522	8049
59940.028560	2260810954.787	   0.504	8049
59940.028676	2260810923.186	   0.444	8049
59940.028792	2260810894.486	   0.448	8049
59940.028907	2260810861.086	   0.350	8049
59940.029023	2260810834.686	   0.594	8049
59940.029139	2260810806.086	   0.424	8049
59940.029255	2260810777.886	   0.410	8049
59940.029370	2260810747.786	   0.364	8049
59940.029486	2260810718.486	   0.380	8049
59940.029602	2260810680.686	   0.324	8049
59940.029718	2260810644.885	   0.310	8049
59940.029833	2260810609.485	   0.258	8049
59940.029949	2260810572.685	   0.266	8049
59940.030065	2260810532.985	   0.231	8049
59940.030181	2260810492.385	   0.264	8049
59940.030296	2260810456.085	   0.306	8049
59940.030412	2260810421.085	   0.244	8049
59940.030528	2260810383.285	   0.341	8049
59940.030644	2260810340.084	   0.320	8049
59940.030759	2260810300.684	   0.271	8049
59940.030875	2260810255.784	   0.286	8049
59940.030991	2260810205.884	   0.252	8049
59940.031106	2260810157.684	   0.236	8049
59940.031222	2260810110.584	   0.236	8049
59940.031338	2260810068.284	   0.281	8049
59940.031454	2260810021.483	   0.260	8049
59940.031569	2260809975.183	   0.224	8049
59940.031685	2260809925.283	   0.220	8049
59940.031801	2260809876.483	   0.227	8049
59940.031917	2260809822.083	   0.235	8049
59940.032032	2260809771.783	   0.230	8049
59940.032148	2260809719.282	   0.202	8049
59940.032264	2260809661.782	   0.210	8049
59940.032380	2260809603.982	   0.184	8049
59940.032495	2260809550.382	   0.181	8049
59940.032611	2260809498.582	   0.211	8049
59940.032727	2260809441.781	   0.236	8049
59940.032843	2260809392.481	   0.175	8049
59940.032958	2260809330.581	   0.188	8049
59940.033074	2260809264.481	   0.164	8049
59940.033190	2260809205.781	   0.149	8049
59940.033305	2260809150.481	   0.155	8049
59940.033421	2260809081.980	   0.162	8049
59940.033537	2260809022.080	   0.146	8049
59940.033653	2260808956.480	   0.157	8049
59940.033768	2260808896.080	   0.167	8049
59940.033884	2260808832.379	   0.144	8049
59940.034000	2260808767.179	   0.139	8049
59940.034116	2260808704.679	   0.143	8049
59940.034231	2260808635.379	   0.148	8049
59940.034347	2260808573.579	   0.143	8049
59940.034463	2260808498.378	   0.118	8049
59940.034579	2260808424.078	   0.128	8049
59940.034694	2260808347.978	   0.121	8049
59940.034810	2260808279.378	   0.109	8049
59940.034926	2260808211.077	   0.114	8049
59940.035042	2260808145.877	   0.103	8049
59940.035157	2260808069.077	   0.096	8049
59940.035273	2260808002.777	   0.099	8049
59940.035389	2260807930.276	   0.103	8049
59940.035505	2260807852.076	   0.110	8049
59940.035620	2260807776.876	   0.094	8049
59940.035736	2260807694.876	   0.098	8049
59940.035852	2260807620.875	   0.099	8049
59940.035968	2260807541.675	   0.161	8049
59940.036083	2260807462.475	   0.152	8049
59940.036199	2260807380.775	   0.163	8049
59940.036315	2260807305.574	   0.155	8049
59940.036431	2260807226.774	   0.159	8049
59940.036546	2260807144.974	   0.160	8049
59940.036662	2260807069.974	   0.163	8049
59940.036778	2260806989.873	   0.159	8049
59940.036894	2260806898.973	   0.137	8049
59940.037009	2260806819.773	   0.139	8049
59940.037125	2260806730.272	   0.165	8049
59940.037241	2260806650.472	   0.138	8049
59940.037357	2260806555.572	   0.140	8049
59940.037472	2260806470.372	   0.143	8049
59940.037588	2260806388.971	   0.156	8049
59940.037704	2260806307.671	   0.150	8049
59940.037820	2260806217.371	   0.146	8049
59940.037935	2260806131.170	   0.138	8049
59940.038051	2260806041.970	   0.146	8049
59940.038167	2260805957.970	   0.141	8049
59940.038282	2260805859.170	   0.143	8049
59940.038398	2260805775.669	   0.133	8049
59940.038514	2260805676.269	   0.131	8049
59940.038630	2260805590.169	   0.142	8049
59940.038745	2260805489.768	   0.136	8049
59940.038861	2260805398.668	   0.129	8049
59940.038977	2260805307.668	   0.107	8049
59940.039093	2260805217.967	   0.102	8049
59940.039208	2260805124.667	   0.103	8049
59940.039324	2260805027.367	   0.106	8049
59940.039440	2260804934.766	   0.109	8049
59940.039556	2260804842.966	   0.105	8049
59940.039671	2260804748.566	   0.118	8049
59940.039787	2260804653.566	   0.111	8049
59940.039903	2260804558.565	   0.105	8049
59940.040018	2260804457.265	   0.110	8049
59940.040134	2260804353.265	   0.108	8049
59940.040250	2260804259.664	   0.091	8049
59940.040366	2260804157.964	   0.055	8049
59940.040481	2260804054.664	   0.059	8049
59940.040597	2260803957.463	   0.061	8049
59940.040713	2260803859.263	   0.046	8049
59940.040829	2260803765.263	   0.049	8049
59940.040944	2260803666.762	   0.039	8049
59940.041060	2260803562.362	   0.040	8049
59940.041176	2260803461.262	   0.040	8049
59940.041292	2260803355.661	   0.039	8049
59940.041407	2260803256.761	   0.037	8049
59940.041523	2260803157.661	   0.041	8049
59940.041639	2260803058.360	   0.040	8049
59940.041755	2260802943.360	   0.064	8049
59940.041870	2260802855.860	   0.057	8049
59940.041986	2260802738.859	   0.060	8049
59940.042102	2260802632.259	   0.056	8049
59940.042218	2260802523.458	   0.052	8049
59940.042333	2260802430.058	   0.058	8049
59940.042449	2260802327.858	   0.066	8049
59940.042565	2260802220.957	   0.052	8049
59940.042681	2260802109.857	   0.052	8049
59940.042796	2260802010.257	   0.057	8049
59940.042912	2260801907.756	   0.060	8049
59940.043028	2260801799.956	   0.053	8049
59940.043144	2260801700.356	   0.085	8049
59940.043259	2260801590.055	   0.084	8049
59940.043375	2260801486.655	   0.089	8049
59940.043491	2260801380.555	   0.085	8049
59940.043607	2260801270.254	   0.082	8049
59940.043722	2260801162.354	   0.086	8049
59940.043838	2260801050.654	   0.086	8049
59940.043954	2260800950.753	   0.082	8049
59940.044069	2260800843.553	   0.087	8049
59940.044185	2260800736.052	   0.083	8049
59940.044301	2260800618.552	   0.087	8049
59940.044417	2260800509.452	   0.089	8049
59940.044532	2260800396.251	   0.093	8049
59940.044648	2260800296.851	   0.099	8049
59940.044764	2260800186.851	   0.090	8049
59940.044880	2260800077.350	   0.089	8049
59940.044995	2260799967.250	   0.092	8049
59940.045111	2260799859.350	   0.100	8049
59940.045227	2260799747.949	   0.087	8049
59940.045343	2260799640.949	   0.087	8049
59940.045459	2260799526.648	   0.097	8049
59940.045574	2260799417.548	   0.095	8049
59940.045690	2260799313.548	   0.092	8049
59940.045806	2260799206.347	   0.106	8049
59940.045921	2260799103.447	   0.090	8049
59940.046037	2260798986.547	   0.106	8049
59940.046153	2260798879.446	   0.102	8049
59940.046269	2260798764.846	   0.103	8049
59940.046384	2260798666.246	   0.105	8049
59940.046500	2260798557.445	   0.091	8049
59940.046616	2260798440.045	   0.090	8049
59940.046731	2260798336.644	   0.097	8049
59940.046847	2260798222.744	   0.103	8049
59940.046963	2260798111.944	   0.103	8049
59940.047079	2260798001.443	   0.097	8049
59940.047194	2260797900.643	   0.097	8049
59940.047310	2260797788.143	   0.102	8049
59940.047426	2260797677.242	   0.091	8049
59940.047542	2260797578.342	   0.096	8049
59940.047657	2260797468.842	   0.100	8049
59940.047773	2260797372.841	   0.098	8049
59940.047889	2260797255.141	   0.094	8049
59940.048005	2260797145.540	   0.100	8049
59940.048121	2260797038.140	   0.101	8049
59940.048236	2260796934.140	   0.090	8049
59940.048352	2260796823.739	   0.098	8049
59940.048468	2260796721.039	   0.097	8049
59940.048583	2260796614.739	   0.094	8049
59940.048699	2260796509.338	   0.122	8049
59940.048815	2260796405.138	   0.115	8049
59940.048930	2260796288.438	   0.121	8049
59940.049046	2260796188.137	   0.120	8049
59940.049162	2260796071.237	   0.114	8049
59940.049278	2260795975.037	   0.132	8049
59940.049394	2260795858.536	   0.118	8049
59940.049509	2260795752.736	   0.125	8049
59940.049625	2260795649.435	   0.152	8049
59940.049741	2260795547.835	   0.132	8049
59940.049856	2260795442.335	   0.140	8049
59940.049972	2260795337.934	   0.141	8049
59940.050088	2260795246.034	   0.132	8049
59940.050204	2260795131.334	   0.094	8049
59940.050319	2260795037.433	   0.096	8049
59940.050435	2260794932.233	   0.084	8049
59940.050551	2260794832.333	   0.082	8049
59940.050667	2260794735.832	   0.083	8049
59940.050782	2260794629.732	   0.086	8049
59940.050898	2260794524.732	   0.081	8049
59940.051014	2260794421.331	   0.085	8049
59940.051130	2260794324.931	   0.075	8049
59940.051245	2260794215.731	   0.085	8049
59940.051361	2260794112.930	   0.089	8049
59940.051477	2260794008.630	   0.146	8049
59940.051593	2260793915.130	   0.145	8049
59940.051708	2260793823.229	   0.147	8049
59940.051824	2260793718.529	   0.159	8049
59940.051940	2260793614.729	   0.149	8049
59940.052056	2260793531.528	   0.170	8049
59940.052171	2260793430.828	   0.173	8049
59940.052287	2260793336.628	   0.177	8049
59940.052403	2260793241.327	   0.169	8049
59940.052518	2260793145.327	   0.182	8049
59940.052634	2260793052.727	   0.168	8049
59940.052750	2260792949.026	   0.166	8049
59940.052866	2260792851.426	   0.195	8049
59940.052981	2260792762.226	   0.141	8049
59940.053097	2260792669.126	   0.137	8049
59940.053213	2260792576.325	   0.136	8049
59940.053329	2260792482.825	   0.145	8049
59940.053444	2260792388.025	   0.145	8049
59940.053560	2260792299.424	   0.135	8049
59940.053676	2260792209.424	   0.143	8049
59940.053792	2260792121.524	   0.144	8049
59940.053907	2260792034.323	   0.149	8049
59940.054023	2260791944.723	   0.153	8049
59940.054139	2260791849.223	   0.134	8049
59940.054255	2260791753.323	   0.136	8049
59940.054370	2260791671.322	   0.191	8049
59940.054486	2260791577.622	   0.188	8049
59940.054602	2260791496.422	   0.204	8049
59940.054718	2260791409.521	   0.209	8049
59940.054833	2260791328.221	   0.220	8049
59940.054949	2260791245.221	   0.221	8049
59940.055065	2260791159.021	   0.206	8049
59940.055180	2260791079.820	   0.222	8049
59940.055296	2260790993.020	   0.199	8049
59940.055412	2260790912.920	   0.200	8049
59940.055528	2260790824.319	   0.222	8049
59940.055643	2260790741.619	   0.219	8049
59940.055759	2260790665.319	   0.129	8049
59940.055875	2260790583.019	   0.120	8049
59940.055991	2260790502.918	   0.117	8049
59940.056106	2260790426.018	   0.123	8049
59940.056222	2260790346.318	   0.119	8049
59940.056338	2260790279.418	   0.120	8049
59940.056454	2260790199.717	   0.116	8049
59940.056569	2260790129.617	   0.105	8049
59940.056685	2260790048.417	   0.104	8049
59940.056801	2260789975.817	   0.105	8049
59940.056917	2260789898.016	   0.115	8049
59940.057032	2260789824.716	   0.104	8049
59940.057148	2260789748.316	   0.150	8049
59940.057264	2260789678.316	   0.172	8049
59940.057380	2260789608.215	   0.178	8049
59940.057495	2260789543.815	   0.189	8049
59940.057611	2260789476.815	   0.177	8049
59940.057727	2260789409.315	   0.200	8049
59940.057843	2260789345.014	   0.172	8049
59940.057958	2260789275.614	   0.205	8049
59940.058074	2260789204.814	   0.201	8049
59940.058190	2260789139.614	   0.198	8049
59940.058306	2260789073.014	   0.222	8049
59940.058421	2260789007.813	   0.213	8049
59940.058537	2260788948.313	   0.197	8049
59940.058653	2260788885.013	   0.170	8049
59940.058768	2260788820.913	   0.179	8049
59940.058884	2260788768.113	   0.217	8049
59940.059000	2260788712.812	   0.164	8049
59940.059116	2260788645.412	   0.165	8049
59940.059231	2260788586.412	   0.171	8049
59940.059347	2260788529.712	   0.166	8049
59940.059463	2260788470.512	   0.174	8049
59940.059579	2260788411.611	   0.152	8049
59940.059694	2260788359.211	   0.162	8049
59940.059810	2260788309.311	   0.168	8049
59940.059926	2260788258.511	   0.280	8049
59940.060042	2260788206.911	   0.263	8049
59940.060158	2260788156.011	   0.240	8049
59940.060273	2260788106.210	   0.300	8049
59940.060389	2260788046.510	   0.246	8049
59940.060505	2260787999.710	   0.261	8049
59940.060620	2260787946.910	   0.290	8049
59940.060736	2260787901.910	   0.286	8049
59940.060852	2260787856.310	   0.356	8049
59940.060967	2260787812.409	   0.297	8049
59940.061083	2260787771.309	   0.349	8049
59940.061199	2260787731.509	   0.356	8049
59940.061315	2260787690.009	   0.269	8049
59940.061431	2260787645.509	   0.268	8049
59940.061546	2260787598.409	   0.300	8049
59940.061662	2260787555.509	   0.304	8049
59940.061778	2260787518.208	   0.319	8049
59940.061894	2260787478.308	   0.361	8049
59940.062009	2260787438.308	   0.308	8049
59940.062125	2260787407.208	   0.349	8049
59940.062241	2260787376.508	   0.306	8049
59940.062357	2260787342.808	   0.375	8049
59940.062472	2260787309.008	   0.335	8049
59940.062588	2260787273.808	   0.303	8049
59940.062704	2260787234.607	   0.329	8049
59940.062819	2260787202.907	   0.352	8049
59940.062935	2260787174.307	   0.361	8049
59940.063051	2260787145.107	   0.352	8049
59940.063167	2260787114.107	   0.393	8049
59940.063282	2260787090.707	   0.440	8049
59940.063398	2260787067.707	   0.479	8049
59940.063514	2260787045.207	   0.502	8049
59940.063630	2260787015.607	   0.431	8049
59940.063745	2260786990.207	   0.470	8049
59940.063861	2260786964.807	   0.433	8049
59940.063977	2260786941.206	   0.574	8049
59940.064092	2260786920.006	   0.565	8049
59940.064208	2260786902.006	   0.662	8049
59940.064324	2260786882.506	   0.634	8049
59940.064440	2260786866.906	   0.811	8049
59940.064556	2260786852.806	   0.963	8049
59940.064671	2260786834.506	   0.585	8049
59940.064787	2260786817.006	   0.622	8049
59940.064903	2260786800.506	   0.749	8049
59940.065018	2260786784.306	   0.679	8049
59940.065134	2260786772.206	   1.070	8049
59940.065250	2260786761.106	   0.894	8049
59940.065366	2260786750.506	   0.913	8049
59940.065481	2260786743.306	   2.051	8049
59940.065597	2260786737.606	   1.671	8049
59940.065713	2260786734.406	   0.671	8049
59940.065829	2260786720.906	   0.706	8049
59940.065944	2260786711.306	   0.838	8049
59940.066060	2260786704.606	   1.164	8049
59940.066176	2260786699.606	   3.102	8049
59940.066292	2260786696.906	   3.142	8049
59940.066407	2260786695.406	  10.034	8049
59940.066523	2260786696.106	   3.843	8049
59940.066639	2260786698.206	   2.482	8049
59940.066755	2260786702.506	   1.492	8049
59940.066870	2260786702.706	   2.479	8049
59940.066986	2260786701.806	   4.966	8049
59940.067102	2260786702.406	   1.690	8049
59940.067218	2260786705.606	   0.739	8049
59940.067333	2260786710.106	   0.758	8049
59940.067449	2260786716.906	   0.596	8049
59940.067565	2260786725.806	   0.310	8049
59940.067680	2260786735.306	   0.335	8049
59940.067796	2260786747.906	   0.238	8049
59940.067912	2260786760.006	   0.569	8049
59940.068028	2260786766.506	   0.317	8049
59940.068144	2260786775.206	   0.284	8049
59940.068259	2260786787.006	   0.281	8049
59940.068375	2260786801.306	   0.216	8049
59940.068491	2260786812.306	   0.171	8049
59940.068607	2260786829.806	   0.167	8049
59940.068722	2260786847.706	   0.201	8049
59940.068838	2260786870.806	   0.167	8049
59940.068954	2260786892.706	   0.130	8049
59940.069069	2260786908.906	   0.198	8049
59940.069185	2260786925.306	   0.185	8049
59940.069301	2260786945.306	   0.172	8049
59940.069417	2260786963.207	   0.144	8049
59940.069532	2260786986.307	   0.147	8049
59940.069648	2260787009.807	   0.140	8049
59940.069764	2260787040.607	   0.113	8049
59940.069880	2260787063.407	   0.124	8049
59940.069995	2260787092.207	   0.121	8049
59940.070111	2260787122.907	   0.151	8049
59940.070227	2260787151.807	   0.126	8049
59940.070342	2260787174.107	   0.134	8049
59940.070458	2260787203.007	   0.101	8049
59940.070574	2260787234.307	   0.107	8049
59940.070690	2260787264.808	   0.089	8049
59940.070805	2260787300.908	   0.071	8049
59940.070921	2260787331.808	   0.071	8049
59940.071037	2260787367.708	   0.074	8049
59940.103676	2260809704.382	  10.255	8049
59940.103792	2260809729.482	  16.286	8049
59940.103907	2260809758.083	  18.858	8049
59940.104023	2260809799.883	  15.029	8049
59940.104139	2260809828.183	  19.053	8049
59940.104254	2260809863.683	  22.467	8049
59940.104370	2260809891.183	  22.194	8049
59940.104486	2260809914.983	  17.983	8049
59940.104602	2260809939.983	  19.887	8049
59940.104717	2260809967.483	  23.840	8049
59940.104833	2260809991.383	  23.835	8049
59940.104949	2260810009.783	  29.891	8049
59940.105065	2260810035.383	  17.510	8049
59940.105180	2260810060.284	  22.549	8049
59940.105296	2260810081.284	  20.880	8049
59940.105412	2260810105.084	  22.077	8049
59940.105528	2260810127.684	  25.843	8049
59940.105644	2260810143.684	  25.619	8049
59940.105759	2260810163.284	  34.518	8049
59940.105875	2260810177.784	  32.476	8049
59940.105991	2260810190.684	  35.349	8049
59940.105991	2260810190.684	  35.346	8049
59940.106107	2260810200.684	  28.797	8049
59940.106222	2260810218.184	  33.801	8049
59940.106338	2260810234.884	  30.507	8049
59940.106454	2260810249.584	  25.775	8049
59940.106569	2260810263.484	  34.568	8049
59940.106685	2260810272.884	  34.326	8049
59940.106801	2260810282.284	  40.243	8049
59940.106917	2260810289.884	  42.188	8049
59940.107032	2260810295.684	  59.816	8049
59940.107148	2260810299.284	  59.653	8049
59940.107264	2260810302.884	  30.874	8049
59940.107380	2260810311.784	  35.000	8049
59940.107495	2260810318.484	  47.375	8049
59940.107611	2260810323.484	  71.393	8049
59940.107727	2260810326.784	  72.918	8049
59940.107843	2260810328.084	 138.576	8049
59940.107958	2260810327.684	  91.059	8049
59940.108074	2260810325.584	  50.852	8049
59940.108190	2260810321.384	  46.707	8049
59940.108306	2260810315.884	  36.148	8049
59940.108421	2260810312.884	 259.376	8049
59940.108537	2260810312.284	  82.000	8049
59940.108653	2260810309.984	  58.238	8049
59940.108768	2260810305.384	  32.659	8049
59940.108884	2260810299.384	  20.329	8049
59940.109000	2260810291.184	  22.459	8049
59940.109116	2260810280.484	  22.801	8049
59940.109231	2260810270.984	  11.988	8049
59940.109347	2260810255.384	  20.242	8049
59940.109463	2260810239.884	  20.515	8049
59940.109579	2260810231.884	  21.747	8049
59940.109694	2260810220.984	  17.924	8049
59940.109810	2260810208.584	  15.509	8049
59940.109926	2260810193.284	  11.094	8049
59940.110042	2260810177.784	  18.297	8049
59940.110157	2260810163.084	  22.178	8049
59940.110273	2260810143.684	  19.585	8049
59940.110389	2260810123.184	  20.715	8049
59940.110620	2260810078.884	  14.982	8049
59940.110736	2260810057.884	  13.792	8049
59940.110852	2260810035.683	   8.208	8049
59940.110968	2260810016.683	  13.664	8049
59940.111083	2260809994.483	  17.592	8049
59940.111083	2260809994.483	  17.604	8049
59940.111199	2260809971.283	  10.557	8049
59940.111546	2260809880.683	   9.354	8049
59940.111662	2260809851.383	  16.623	8049
59940.111778	2260809818.883	  15.579	8049
59940.111893	2260809792.683	  25.786	8049
59940.112009	2260809763.283	  21.397	8049
59940.112125	2260809732.382	  24.013	8049
59940.112241	2260809701.182	  20.675	8049
59940.112356	2260809664.182	  20.768	8049
59940.112472	2260809629.682	  19.792	8049
59940.112588	2260809588.782	  22.315	8049
59940.112704	2260809551.982	  18.710	8049
59940.112820	2260809504.882	  17.875	8049
59940.112935	2260809477.582	  21.041	8049
59940.113051	2260809434.981	  16.559	8049
59940.113167	2260809396.081	  16.675	8049
59940.113283	2260809364.181	  16.969	8049
59940.113398	2260809317.981	  19.557	8049
59940.113514	2260809274.981	  17.140	8049
59940.113630	2260809229.581	  17.075	8049
59940.113745	2260809183.981	  21.610	8049
59940.113861	2260809134.080	  20.908	8049
59940.113977	2260809084.080	  19.906	8049
59940.114093	2260809035.180	  17.701	8049
59940.114208	2260808998.180	  19.434	8049
59940.114324	2260808948.080	  17.543	8049
59940.114440	2260808903.180	  17.933	8049
59940.114555	2260808848.279	  16.376	8049
59940.114671	2260808794.479	  16.358	8049
59940.114787	2260808743.179	  16.842	8049
59940.114903	2260808695.079	  16.393	8049
59940.115018	2260808625.879	  15.260	8049
59940.115134	2260808573.979	  18.340	8049
59940.115134	2260808573.979	  18.340	8049
59940.115250	2260808529.678	  19.876	8049
59940.115366	2260808468.978	  18.452	8049
59940.115481	2260808414.678	  14.966	8049
59940.115597	2260808361.778	  15.945	8049
59940.115713	2260808299.578	  20.828	8049
59940.115829	2260808238.977	  23.649	8049
59940.115944	2260808181.377	  15.952	8049
59940.116060	2260808119.577	  16.177	8049
59940.116176	2260808046.077	  16.222	8049
59940.116292	2260807977.377	  15.216	8049
59940.116407	2260807928.276	  15.481	8049
59940.116523	2260807867.676	  15.941	8049
59940.116639	2260807801.176	  18.158	8049
59940.116755	2260807736.476	  17.210	8049
59940.116870	2260807667.176	  16.611	8049
59940.116986	2260807604.675	  16.234	8049
59940.117102	2260807537.875	  14.433	8049
59940.117218	2260807465.575	  14.853	8049
59940.117333	2260807392.975	  13.147	8049
59940.117449	2260807327.174	  14.492	8049
59940.117565	2260807251.274	  18.477	8049
59940.117681	2260807185.274	  15.946	8049
59940.117796	2260807113.174	  21.901	8049
59940.117912	2260807035.473	  14.364	8049
59940.118028	2260806964.373	  14.844	8049
59940.118143	2260806888.173	  16.108	8049
59940.118259	2260806824.473	  15.576	8049
59940.118375	2260806737.572	  17.358	8049
59940.118491	2260806663.372	  15.694	8049
59940.118606	2260806588.972	  15.442	8049
59940.118722	2260806509.372	  16.860	8049
59940.118838	2260806425.671	  16.131	8049
59940.118954	2260806352.071	  15.178	8049
59940.119070	2260806273.371	  15.042	8049
59940.119185	2260806194.071	  13.473	8049
59940.119301	2260806106.170	  12.910	8049
59940.119417	2260806031.570	  14.979	8049
59940.119532	2260805952.370	  12.816	8049
59940.119648	2260805871.670	  12.963	8049
59940.119764	2260805777.669	  14.432	8049
59940.119880	2260805700.069	  13.417	8049
59940.119995	2260805613.069	  13.127	8049
59940.120111	2260805515.668	  12.623	8049
59940.120227	2260805444.968	  13.345	8049
59940.120343	2260805354.068	  15.188	8049
59940.120458	2260805272.168	  13.290	8049
59940.120574	2260805178.367	  15.910	8049
59940.120690	2260805094.967	  14.279	8049
59940.120806	2260804996.867	  14.807	8049
59940.120921	2260804911.766	  13.886	8049
59940.121037	2260804824.566	  16.941	8049
59940.121153	2260804732.466	  16.572	8049
59940.121269	2260804643.565	  15.059	8049
59940.121384	2260804560.165	  14.752	8049
59940.121500	2260804456.265	  17.786	8049
59940.121616	2260804350.765	  15.921	8049
59940.121732	2260804270.464	  13.172	8049
59940.121847	2260804180.364	  14.131	8049
59940.121963	2260804080.664	  15.041	8049
59940.122079	2260803999.563	  13.368	8049
59940.122194	2260803911.363	  14.895	8049
59940.122310	2260803811.063	  17.210	8049
59940.122426	2260803714.962	  12.879	8049
59940.122542	2260803615.362	  13.821	8049
59940.122657	2260803522.662	  13.537	8049
59940.122773	2260803422.261	  13.293	8049
59940.122889	2260803321.061	  15.597	8049
59940.123005	2260803220.161	  13.377	8049
59940.123120	2260803124.460	  11.515	8049
59940.123236	2260803021.960	  14.424	8049
59940.123352	2260802937.760	  14.244	8049
59940.123468	2260802821.959	  15.592	8049
59940.123583	2260802729.359	  16.068	8049
59940.123699	2260802622.559	  14.835	8049
59940.123815	2260802527.058	  15.961	8049
59940.123931	2260802435.558	  14.546	8049
59940.124046	2260802328.458	  12.904	8049
59940.124162	2260802236.057	  14.177	8049
59940.124278	2260802120.757	  15.603	8049
59940.124394	2260802019.557	  15.316	8049
59940.124509	2260801921.556	  12.611	8049
59940.124625	2260801818.456	  14.417	8049
59940.124741	2260801704.956	  14.500	8049
59940.124856	2260801613.355	  13.459	8049
59940.124972	2260801499.655	  13.438	8049
59940.125088	2260801400.155	  12.215	8049
59940.125204	2260801300.454	  13.099	8049
59940.125320	2260801199.754	  12.409	8049
59940.125435	2260801088.454	  11.942	8049
59940.125551	2260800985.353	  12.873	8049
59940.125667	2260800885.453	  13.528	8049
59940.125782	2260800784.353	  14.050	8049
59940.125898	2260800674.252	  12.751	8049
59940.126014	2260800568.952	  14.689	8049
59940.126130	2260800453.152	  13.904	8049
59940.126245	2260800353.551	  13.511	8049
59940.126361	2260800248.151	  12.513	8049
59940.126477	2260800148.950	  12.159	8049
59940.126593	2260800043.750	  12.003	8049
59940.126708	2260799931.850	  13.059	8049
59940.126824	2260799822.249	  12.692	8049
59940.126940	2260799725.249	  13.010	8049
59940.127055	2260799596.149	  12.192	8049
59940.127171	2260799500.048	  11.746	8049
59940.127287	2260799389.248	  11.998	8049
59940.127403	2260799282.948	  12.755	8049
59940.127518	2260799178.247	  11.756	8049
59940.127634	2260799063.747	  11.740	8049
59940.127750	2260798955.947	  14.940	8049
59940.127866	2260798846.146	  10.869	8049
59940.127981	2260798741.446	  13.145	8049
59940.128097	2260798629.045	  13.143	8049
59940.128213	2260798515.845	  12.305	8049
59940.128329	2260798416.345	  14.726	8049
59940.128444	2260798304.444	  12.739	8049
59940.128560	2260798190.944	  11.752	8049
59940.128676	2260798090.744	  13.992	8049
59940.128792	2260797979.743	  12.521	8049
59940.128907	2260797878.443	  12.399	8049
59940.129023	2260797764.543	  13.230	8049
59940.129139	2260797652.942	  13.277	8049
59940.129255	2260797550.742	  13.938	8049
59940.129370	2260797439.341	  12.137	8049
59940.129486	2260797326.241	  12.343	8049
59940.129602	2260797222.841	  11.037	8049
59940.129718	2260797116.740	  12.149	8049
59940.129833	2260797015.840	  11.783	8049
59940.129949	2260796903.640	  12.928	8049
59940.130065	2260796792.839	  10.575	8049
59940.130180	2260796687.139	  11.750	8049
59940.130296	2260796575.239	  15.102	8049
59940.130412	2260796483.938	  12.829	8049
59940.130528	2260796368.238	  13.356	8049
59940.130644	2260796250.838	  13.130	8049
59940.130759	2260796156.237	  12.913	8049
59940.130875	2260796049.037	  12.957	8049
59940.130991	2260795949.336	  13.873	8049
59940.131107	2260795839.136	  11.937	8049
59940.131222	2260795729.136	  13.187	8049
59940.131338	2260795626.435	  13.327	8049
59940.131454	2260795515.735	  13.772	8049
59940.131570	2260795409.835	  12.630	8049
59940.131685	2260795306.334	  11.825	8049
59940.131801	2260795196.734	  12.953	8049
59940.131917	2260795086.634	  14.839	8049
59940.132032	2260794989.733	  15.063	8049
59940.132148	2260794884.433	  11.280	8049
59940.132264	2260794773.233	  11.429	8049
59940.132380	2260794669.432	  13.559	8049
59940.132495	2260794570.032	  16.470	8049
59940.132611	2260794466.332	  15.953	8049
59940.132727	2260794355.631	  12.778	8049
59940.132843	2260794267.731	  13.960	8049
59940.132958	2260794161.531	  17.336	8049
59940.133074	2260794067.030	  16.960	8049
59940.133190	2260793968.730	  15.203	8049
59940.133305	2260793866.630	  14.298	8049
59940.133421	2260793757.429	  15.116	8049
59940.133537	2260793662.729	  14.069	8049
59940.133653	2260793554.929	  13.196	8049
59940.133769	2260793445.428	  15.618	8049
59940.133884	2260793353.528	  17.006	8049
59940.134000	2260793263.728	  13.807	8049
59940.134116	2260793141.727	  14.902	8049
59940.134232	2260793050.727	  14.397	8049
59940.134347	2260792951.327	  15.901	8049
59940.134463	2260792869.426	  16.617	8049
59940.134579	2260792769.926	  15.703	8049
59940.134695	2260792667.126	  14.644	8049
59940.134810	2260792578.925	  13.302	8049
59940.134926	2260792483.625	  12.937	8049
59940.135042	2260792375.025	  13.993	8049
59940.135158	2260792294.224	  15.661	8049
59940.135273	2260792176.924	  15.181	8049
59940.135389	2260792090.824	  15.005	8049
59940.135505	2260792003.923	  15.301	8049
59940.135620	2260791903.923	  13.852	8049
59940.135736	2260791810.023	  15.993	8049
59940.135852	2260791719.322	  13.044	8049
59940.135968	2260791632.322	  15.272	8049
59940.136083	2260791550.722	  14.282	8049
59940.136199	2260791453.322	  16.313	8049
59940.136315	2260791360.921	  11.428	8049
59940.136431	2260791278.921	  12.562	8049
59940.136431	2260791278.921	  12.535	8049
59940.136546	2260791169.621	  14.397	8049
59940.136662	2260791088.220	  17.201	8049
59940.136778	2260791001.120	  16.621	8049
59940.136894	2260790917.220	  12.424	8049
59940.137009	2260790833.219	  13.804	8049
59940.137125	2260790738.919	  14.325	8049
59940.137241	2260790651.819	  16.841	8049
59940.137357	2260790569.819	  14.369	8049
59940.137472	2260790492.418	  18.851	8049
59940.137588	2260790415.418	  14.883	8049
59940.137704	2260790326.218	  17.767	8049
59940.137819	2260790249.918	  15.939	8049
59940.137935	2260790164.417	  14.750	8049
59940.138051	2260790072.617	  17.539	8049
59940.138167	2260789994.917	  14.647	8049
59940.138282	2260789908.816	  15.520	8049
59940.138398	2260789833.916	  14.325	8049
59940.138514	2260789749.016	  14.351	8049
59940.138630	2260789671.416	  17.159	8049
59940.138746	2260789589.715	  13.710	8049
59940.138861	2260789516.115	  15.665	8049
59940.138977	2260789443.115	  13.278	8049
59940.139093	2260789373.715	  17.395	8049
59940.139208	2260789297.514	  14.190	8049
59940.139324	2260789229.414	  13.666	8049
59940.139440	2260789146.714	  14.459	8049
59940.139556	2260789077.014	  16.585	8049
59940.139671	2260788998.613	  17.321	8049
59940.139787	2260788919.113	  15.432	8049
59940.139903	2260788850.513	  13.658	8049
59940.140019	2260788791.613	  18.728	8049
59940.140134	2260788711.612	  16.627	8049
59940.140250	2260788660.612	  14.278	8049
59940.140366	2260788596.112	  15.075	8049
59940.140481	2260788527.912	  15.118	8049
59940.140597	2260788455.212	  15.127	8049
59940.140713	2260788385.211	  16.056	8049
59940.140829	2260788318.711	  15.645	8049
59940.140944	2260788254.311	  16.437	8049
59940.141060	2260788194.311	  15.929	8049
59940.141176	2260788131.510	  17.461	8049
59940.141292	2260788077.510	  14.637	8049
59940.141407	2260788009.610	  15.329	8049
59940.141523	2260787951.510	  19.583	8049
59940.141639	2260787895.010	  17.692	8049
59940.141755	2260787840.909	  17.558	8049
59940.141870	2260787778.009	  15.524	8049
59940.141986	2260787721.609	  15.588	8049
59940.142102	2260787656.209	  15.608	8049
59940.142218	2260787600.309	  15.121	8049
59940.142333	2260787547.208	  14.119	8049
59940.142449	2260787500.708	  15.751	8049
59940.142565	2260787444.208	  14.450	8049
59940.142681	2260787400.508	  16.067	8049
59940.142796	2260787359.208	  14.644	8049
59940.142912	2260787300.308	  16.664	8049
59940.143028	2260787246.907	  15.412	8049
59940.143143	2260787188.807	  15.725	8049
59940.143259	2260787143.107	  16.555	8049
59940.143375	2260787098.007	  16.211	8049
59940.143491	2260787059.807	  19.038	8049
59940.143607	2260787012.907	  18.466	8049
59940.143722	2260786972.107	  14.456	8049
59940.143838	2260786929.306	  18.396	8049
59940.143954	2260786885.806	  14.291	8049
59940.144070	2260786837.306	  12.032	8049
59940.144185	2260786801.606	  13.457	8049
59940.144301	2260786760.106	  12.220	8049
59940.144417	2260786720.606	  14.158	8049
59940.144648	2260786645.205	  11.336	8049
59940.144764	2260786611.505	  11.132	8049
59940.144880	2260786574.205	  11.371	8049
59940.144995	2260786547.405	  15.490	8049
59940.145227	2260786480.005	   9.889	8049
59940.147542	2260786020.003	   9.990	8049
59940.147657	2260786006.603	  15.330	8049
59940.147773	2260785994.503	  12.622	8049
59940.147889	2260785983.803	  19.209	8049
59940.148005	2260785974.703	  13.612	8049
59940.148120	2260785968.903	  30.810	8049
59940.148236	2260785963.603	  37.086	8049
59940.148352	2260785960.103	  15.501	8049
59940.148468	2260785953.403	   8.412	8049
59940.148583	2260785939.503	  10.135	8049
59940.148699	2260785933.303	  20.036	8049
59940.148815	2260785929.203	  31.298	8049
59940.148931	2260785926.803	  29.499	8049
59940.149046	2260785926.003	  19.303	8049
59940.149278	2260785929.403	  14.026	8049
59940.149625	2260785947.403	   9.302	8049
