59935.674172	2260807735.079	   0.005	8049
59935.674288	2260807726.779	   0.004	8049
59935.674403	2260807720.379	   0.004	8049
59935.674519	2260807711.579	   0.004	8049
59935.674635	2260807702.379	   0.005	8049
59935.674751	2260807697.878	   0.005	8049
59935.674866	2260807691.078	   0.004	8049
59935.675098	2260807680.078	   0.006	8049
59935.675214	2260807671.878	   0.004	8049
59935.675908	2260807630.378	   0.003	8049
59935.676950	2260807553.878	   0.006	8049
59935.677065	2260807544.178	   0.004	8049
59935.677181	2260807533.678	   0.006	8049
59935.677297	2260807525.378	   0.005	8049
59935.677413	2260807513.978	   0.005	8049
59935.677529	2260807500.578	   0.005	8049
59935.677760	2260807480.977	   0.006	8049
59935.677876	2260807469.477	   0.003	8049
59935.678107	2260807449.577	   0.004	8049
59935.678686	2260807406.677	   0.004	8049
59935.678802	2260807396.177	   0.005	8049
59935.679496	2260807337.077	   0.006	8049
59935.679612	2260807324.577	   0.006	8049
59935.679727	2260807313.177	   0.007	8049
59935.679843	2260807304.977	   0.007	8049
59935.679959	2260807292.076	   0.008	8049
59935.680075	2260807282.076	   0.011	8049
59935.680306	2260807259.276	   0.006	8049
59935.680422	2260807246.176	   0.005	8049
59935.680538	2260807235.376	   0.008	8049
59935.680653	2260807223.776	   0.011	8049
59935.680769	2260807211.976	   0.011	8049
59935.680885	2260807199.276	   0.011	8049
59935.681001	2260807187.876	   0.012	8049
59935.681116	2260807175.076	   0.017	8049
59935.681232	2260807163.576	   0.013	8049
59935.681348	2260807149.976	   0.012	8049
59935.681464	2260807139.176	   0.013	8049
59935.681579	2260807125.776	   0.014	8049
59935.681695	2260807109.576	   0.014	8049
59935.681811	2260807098.275	   0.021	8049
59935.681927	2260807084.675	   0.022	8049
59935.682042	2260807071.675	   0.023	8049
59935.682158	2260807060.975	   0.019	8049
59935.682274	2260807050.875	   0.021	8049
59935.682390	2260807039.475	   0.021	8049
59935.682505	2260807026.975	   0.024	8049
59935.682621	2260807016.875	   0.024	8049
59935.682737	2260807005.275	   0.020	8049
59935.682853	2260806991.775	   0.022	8049
59935.682968	2260806978.675	   0.018	8049
59935.683084	2260806967.975	   0.022	8049
59935.683200	2260806956.175	   0.014	8049
59935.683316	2260806943.375	   0.016	8049
59935.683431	2260806930.275	   0.018	8049
59935.683547	2260806918.775	   0.011	8049
59935.683663	2260806906.375	   0.010	8049
59935.683778	2260806894.274	   0.012	8049
59935.683894	2260806880.774	   0.016	8049
59935.684010	2260806867.974	   0.013	8049
59935.684126	2260806854.574	   0.011	8049
59935.684241	2260806840.774	   0.009	8049
59935.684357	2260806827.574	   0.014	8049
59935.684473	2260806815.074	   0.012	8049
59935.684589	2260806802.274	   0.007	8049
59935.684704	2260806788.974	   0.006	8049
59935.684820	2260806775.274	   0.004	8049
59935.685746	2260806664.173	   0.007	8049
59935.685862	2260806649.373	   0.005	8049
59935.685978	2260806635.173	   0.005	8049
59935.686093	2260806621.373	   0.005	8049
59935.686209	2260806606.873	   0.005	8049
59935.686325	2260806592.373	   0.006	8049
59935.686441	2260806576.873	   0.004	8049
59935.686556	2260806560.973	   0.005	8049
59935.686672	2260806545.973	   0.005	8049
59935.686788	2260806531.573	   0.003	8049
59935.686903	2260806519.173	   0.004	8049
59935.687019	2260806506.373	   0.004	8049
59935.687135	2260806489.072	   0.004	8049
59935.687251	2260806475.872	   0.007	8049
59935.687366	2260806462.772	   0.008	8049
59935.687482	2260806450.072	   0.011	8049
59935.687598	2260806436.672	   0.007	8049
59935.687714	2260806422.772	   0.009	8049
59935.687829	2260806406.472	   0.010	8049
59935.687945	2260806392.272	   0.010	8049
59935.688061	2260806380.872	   0.009	8049
59935.688177	2260806367.572	   0.010	8049
59935.688292	2260806350.972	   0.014	8049
59935.688408	2260806337.572	   0.013	8049
59935.688524	2260806323.872	   0.011	8049
59935.688639	2260806310.172	   0.013	8049
59935.688755	2260806295.671	   0.013	8049
59935.688871	2260806282.571	   0.014	8049
59935.688987	2260806265.271	   0.017	8049
59935.689102	2260806252.171	   0.017	8049
59935.689218	2260806238.971	   0.021	8049
59935.689334	2260806223.071	   0.023	8049
59935.689450	2260806209.071	   0.025	8049
59935.689565	2260806193.771	   0.025	8049
59935.689681	2260806180.871	   0.017	8049
59935.689797	2260806163.671	   0.021	8049
59935.689913	2260806150.671	   0.018	8049
59935.690028	2260806136.371	   0.028	8049
59935.690144	2260806121.271	   0.027	8049
59935.690260	2260806106.771	   0.030	8049
59935.690376	2260806090.970	   0.031	8049
59935.690491	2260806074.870	   0.031	8049
59935.690607	2260806058.870	   0.039	8049
59935.690723	2260806044.970	   0.038	8049
59935.690839	2260806030.670	   0.031	8049
59935.690954	2260806014.370	   0.029	8049
59935.691070	2260805999.470	   0.030	8049
59935.691186	2260805984.070	   0.040	8049
59935.691302	2260805968.670	   0.033	8049
59935.691417	2260805952.770	   0.041	8049
59935.691533	2260805938.270	   0.039	8049
59935.691649	2260805920.070	   0.032	8049
59935.691764	2260805904.670	   0.028	8049
59935.691880	2260805890.069	   0.032	8049
59935.691996	2260805873.969	   0.030	8049
59935.692112	2260805858.069	   0.038	8049
59935.692228	2260805841.069	   0.026	8049
59935.692343	2260805826.969	   0.088	8049
59935.692459	2260805811.369	   0.105	8049
59935.692575	2260805796.669	   0.091	8049
59935.692690	2260805780.569	   0.096	8049
59935.692806	2260805762.069	   0.096	8049
59935.692922	2260805749.269	   0.077	8049
59935.693038	2260805732.469	   0.083	8049
59935.693153	2260805713.969	   0.071	8049
59935.693269	2260805698.368	   0.072	8049
59935.693385	2260805682.368	   0.059	8049
59935.693501	2260805667.268	   0.059	8049
59935.693617	2260805649.568	   0.049	8049
59935.693732	2260805635.268	   0.090	8049
59935.693848	2260805620.368	   0.068	8049
59935.693964	2260805604.568	   0.088	8049
59935.694079	2260805588.868	   0.085	8049
59935.694195	2260805573.668	   0.092	8049
59935.694311	2260805558.368	   0.083	8049
59935.694427	2260805543.668	   0.089	8049
59935.694542	2260805529.168	   0.069	8049
59935.694658	2260805513.768	   0.088	8049
59935.694774	2260805498.967	   0.074	8049
59935.694889	2260805482.867	   0.076	8049
59935.695005	2260805466.767	   0.098	8049
59935.695121	2260805451.367	   0.051	8049
59935.695237	2260805437.667	   0.044	8049
59935.695352	2260805419.967	   0.054	8049
59935.695468	2260805406.567	   0.041	8049
59935.695584	2260805387.167	   0.036	8049
59935.695700	2260805373.867	   0.039	8049
59935.695815	2260805357.367	   0.033	8049
59935.695931	2260805340.867	   0.037	8049
59935.696047	2260805327.067	   0.037	8049
59935.696163	2260805309.667	   0.034	8049
59935.696278	2260805296.766	   0.028	8049
59935.696394	2260805279.066	   0.020	8049
59935.696510	2260805263.266	   0.020	8049
59935.696626	2260805247.166	   0.025	8049
59935.696741	2260805231.866	   0.024	8049
59935.696857	2260805215.866	   0.022	8049
59935.696973	2260805199.466	   0.015	8049
59935.697089	2260805183.066	   0.019	8049
59935.697204	2260805167.466	   0.024	8049
59935.697320	2260805152.166	   0.021	8049
59935.697436	2260805134.166	   0.027	8049
59935.697552	2260805119.466	   0.024	8049
59935.697667	2260805103.366	   0.027	8049
59935.697783	2260805087.865	   0.041	8049
59935.697899	2260805070.465	   0.035	8049
59935.698014	2260805056.165	   0.040	8049
59935.698130	2260805037.865	   0.034	8049
59935.698246	2260805021.765	   0.052	8049
59935.698362	2260805006.865	   0.034	8049
59935.698477	2260804989.765	   0.042	8049
59935.698593	2260804971.565	   0.062	8049
59935.698709	2260804956.965	   0.074	8049
59935.698825	2260804940.165	   0.061	8049
59935.698940	2260804924.065	   0.071	8049
59935.699056	2260804906.965	   0.074	8049
59935.699172	2260804891.264	   0.099	8049
59935.699288	2260804873.664	   0.148	8049
59935.699403	2260804858.364	   0.231	8049
59935.699519	2260804840.664	   0.150	8049
59935.699635	2260804826.164	   0.158	8049
59935.699751	2260804809.464	   0.193	8049
59935.699866	2260804790.064	   0.175	8049
59935.699982	2260804777.064	   0.164	8049
59935.700098	2260804757.664	   0.174	8049
59935.700214	2260804742.464	   0.215	8049
59935.700329	2260804724.364	   0.234	8049
59935.700445	2260804708.264	   0.239	8049
59935.700561	2260804691.963	   0.246	8049
59935.700676	2260804672.563	   0.344	8049
59935.700792	2260804659.863	   0.355	8049
59935.700908	2260804642.563	   0.429	8049
59935.701024	2260804624.563	   0.417	8049
59935.701140	2260804606.963	   0.391	8049
59935.701255	2260804590.363	   0.394	8049
59935.701371	2260804570.963	   0.437	8049
59935.701487	2260804557.163	   0.527	8049
59935.701602	2260804540.163	   0.520	8049
59935.701718	2260804520.863	   0.362	8049
59935.701834	2260804506.163	   0.503	8049
59935.701950	2260804489.762	   0.417	8049
59935.702065	2260804470.562	   0.495	8049
59935.702181	2260804453.162	   0.365	8049
59935.702297	2260804438.762	   0.374	8049
59935.702413	2260804419.362	   0.364	8049
59935.702528	2260804402.762	   0.380	8049
59935.702644	2260804387.462	   0.349	8049
59935.702760	2260804369.562	   0.313	8049
59935.702876	2260804351.762	   0.323	8049
59935.702991	2260804336.162	   0.357	8049
59935.703107	2260804319.762	   0.390	8049
59935.703223	2260804303.662	   0.296	8049
59935.703339	2260804287.461	   0.337	8049
59935.703454	2260804270.661	   0.278	8049
59935.703570	2260804253.461	   0.349	8049
59935.703686	2260804239.261	   0.339	8049
59935.703802	2260804220.761	   0.377	8049
59935.703917	2260804205.961	   0.351	8049
59935.704033	2260804186.061	   0.362	8049
59935.704149	2260804172.461	   0.438	8049
59935.704264	2260804155.561	   0.390	8049
59935.704380	2260804139.061	   0.488	8049
59935.704496	2260804121.761	   0.488	8049
59935.704612	2260804104.861	   0.472	8049
59935.704727	2260804090.160	   0.499	8049
59935.704843	2260804073.760	   0.449	8049
59935.704959	2260804055.560	   0.585	8049
59935.705075	2260804039.460	   0.500	8049
59935.705190	2260804021.160	   0.563	8049
59935.705306	2260804007.660	   0.639	8049
59935.705422	2260803989.560	   0.455	8049
59935.705538	2260803973.160	   0.485	8049
59935.705653	2260803955.760	   0.485	8049
59935.705769	2260803939.360	   0.465	8049
59935.705885	2260803922.560	   0.468	8049
59935.706001	2260803905.060	   0.426	8049
59935.706116	2260803889.759	   0.410	8049
59935.706232	2260803873.659	   0.410	8049
59935.706348	2260803857.159	   0.348	8049
59935.706464	2260803840.159	   0.387	8049
59935.706579	2260803821.159	   0.392	8049
59935.706695	2260803807.259	   0.438	8049
59935.706811	2260803789.359	   0.538	8049
59935.706927	2260803771.859	   0.551	8049
59935.707042	2260803754.259	   0.525	8049
59935.707158	2260803736.559	   0.509	8049
59935.707274	2260803722.559	   0.478	8049
59935.707390	2260803704.559	   0.526	8049
59935.707505	2260803686.858	   0.645	8049
59935.707621	2260803671.358	   0.525	8049
59935.707737	2260803652.358	   0.529	8049
59935.707852	2260803637.058	   0.484	8049
59935.707968	2260803619.058	   0.462	8049
59935.708084	2260803602.058	   0.513	8049
59935.708200	2260803586.158	   0.464	8049
59935.708315	2260803567.458	   0.515	8049
59935.708431	2260803551.958	   0.485	8049
59935.708547	2260803533.558	   0.621	8049
59935.708663	2260803515.958	   0.435	8049
59935.708778	2260803499.557	   0.624	8049
59935.708894	2260803483.157	   0.628	8049
59935.709010	2260803467.657	   0.468	8049
59935.709126	2260803449.557	   0.836	8049
59935.709241	2260803430.757	   0.960	8049
59935.709357	2260803414.657	   1.120	8049
59935.709473	2260803398.757	   0.923	8049
59935.709589	2260803381.257	   0.999	8049
59935.709704	2260803365.757	   0.902	8049
59935.709820	2260803345.257	   1.137	8049
59935.709936	2260803330.257	   1.127	8049
59935.710052	2260803311.857	   1.213	8049
59935.710167	2260803295.556	   0.834	8049
59935.710283	2260803275.656	   1.135	8049
59935.710399	2260803257.756	   1.140	8049
59935.710515	2260803242.856	   1.039	8049
59935.710630	2260803226.356	   0.963	8049
59935.710746	2260803208.756	   1.316	8049
59935.710862	2260803191.356	   1.049	8049
59935.710977	2260803174.356	   1.306	8049
59935.711093	2260803155.956	   1.124	8049
59935.711209	2260803139.156	   1.055	8049
59935.711325	2260803122.056	   1.246	8049
59935.711441	2260803104.356	   1.336	8049
59935.711556	2260803087.155	   1.200	8049
59935.711672	2260803070.955	   1.362	8049
59935.711788	2260803050.555	   1.334	8049
59935.711903	2260803035.855	   1.109	8049
59935.712019	2260803016.955	   1.237	8049
59935.712135	2260803000.455	   1.610	8049
59935.712251	2260802981.655	   1.193	8049
59935.712367	2260802965.255	   1.592	8049
59935.712482	2260802948.655	   1.237	8049
59935.712598	2260802929.355	   1.256	8049
59935.712714	2260802911.355	   1.182	8049
59935.712829	2260802893.254	   1.389	8049
59935.712945	2260802876.354	   1.167	8049
59935.713061	2260802859.654	   1.157	8049
59935.713177	2260802840.454	   1.157	8049
59935.713292	2260802825.254	   0.959	8049
59935.713408	2260802805.954	   1.145	8049
59935.713524	2260802789.354	   0.968	8049
59935.713639	2260802773.454	   1.033	8049
59935.713755	2260802755.254	   1.273	8049
59935.713871	2260802737.954	   1.118	8049
59935.713987	2260802720.354	   1.007	8049
59935.714103	2260802702.554	   0.967	8049
59935.714218	2260802685.753	   0.814	8049
59935.714334	2260802668.853	   0.782	8049
59935.714450	2260802651.353	   0.719	8049
59935.714565	2260802632.153	   0.719	8049
59935.714681	2260802611.653	   0.833	8049
59935.714797	2260802595.653	   0.648	8049
59935.714913	2260802578.053	   0.549	8049
59935.715028	2260802559.453	   0.476	8049
59935.715144	2260802542.353	   0.541	8049
59935.715260	2260802525.453	   0.549	8049
59935.715376	2260802507.153	   0.458	8049
59935.715491	2260802489.452	   0.341	8049
59935.715607	2260802470.952	   0.390	8049
59935.715723	2260802455.152	   0.466	8049
59935.715839	2260802435.952	   0.387	8049
59935.715954	2260802419.152	   0.317	8049
59935.716070	2260802401.952	   0.326	8049
59935.716186	2260802384.552	   0.284	8049
59935.716301	2260802369.652	   0.296	8049
59935.716417	2260802350.452	   0.234	8049
59935.716533	2260802334.052	   0.188	8049
59935.716649	2260802315.552	   0.192	8049
59935.716765	2260802297.951	   0.224	8049
59935.716880	2260802281.851	   0.192	8049
59935.716996	2260802265.051	   0.235	8049
59935.717112	2260802247.451	   0.154	8049
59935.717227	2260802229.551	   0.152	8049
59935.717343	2260802213.151	   0.185	8049
59935.717459	2260802192.851	   0.110	8049
59935.717575	2260802178.351	   0.450	8049
59935.717690	2260802159.851	   0.449	8049
59935.717806	2260802145.351	   0.387	8049
59935.717922	2260802127.751	   0.313	8049
59935.718038	2260802109.851	   0.335	8049
59935.718154	2260802092.650	   0.359	8049
59935.718269	2260802072.250	   0.331	8049
59935.718385	2260802056.550	   0.383	8049
59935.718501	2260802038.950	   0.386	8049
59935.718616	2260802020.750	   0.377	8049
59935.718732	2260802003.850	   0.434	8049
59935.718848	2260801987.450	   0.429	8049
59935.718964	2260801968.450	   0.303	8049
59935.719079	2260801953.550	   0.290	8049
59935.719195	2260801933.750	   0.260	8049
59935.719311	2260801918.150	   0.298	8049
59935.719426	2260801899.950	   0.258	8049
59935.719542	2260801881.849	   0.317	8049
59935.719658	2260801865.649	   0.307	8049
59935.719774	2260801848.149	   0.283	8049
59935.719889	2260801831.549	   0.274	8049
59935.720005	2260801814.049	   0.237	8049
59935.720121	2260801795.449	   0.276	8049
59935.720237	2260801779.449	   0.225	8049
59935.720352	2260801760.349	   0.486	8049
59935.720468	2260801742.949	   0.443	8049
59935.720584	2260801725.049	   0.475	8049
59935.720700	2260801708.349	   0.405	8049
59935.720815	2260801690.248	   0.453	8049
59935.720931	2260801671.148	   0.446	8049
59935.721047	2260801655.048	   0.430	8049
59935.721163	2260801638.148	   0.568	8049
59935.721278	2260801619.748	   0.404	8049
59935.721394	2260801602.548	   0.339	8049
59935.721510	2260801586.348	   0.342	8049
59935.721626	2260801568.348	   0.335	8049
59935.721741	2260801548.648	   0.225	8049
59935.721857	2260801531.348	   0.203	8049
59935.721973	2260801513.248	   0.197	8049
59935.722088	2260801497.847	   0.190	8049
59935.722204	2260801479.347	   0.184	8049
59935.722320	2260801461.847	   0.149	8049
59935.722436	2260801443.847	   0.138	8049
59935.722552	2260801424.847	   0.181	8049
59935.722667	2260801407.347	   0.149	8049
59935.722783	2260801390.647	   0.127	8049
59935.722899	2260801374.847	   0.107	8049
59935.723015	2260801355.447	   0.095	8049
59935.723130	2260801337.747	   0.128	8049
59935.723246	2260801319.347	   0.168	8049
59935.723362	2260801301.147	   0.140	8049
59935.723477	2260801282.746	   0.114	8049
59935.723593	2260801267.846	   0.120	8049
59935.723709	2260801247.346	   0.100	8049
59935.723825	2260801230.846	   0.087	8049
59935.723940	2260801212.346	   0.077	8049
59935.724056	2260801194.446	   0.076	8049
59935.724172	2260801177.646	   0.083	8049
59935.724288	2260801159.446	   0.071	8049
59935.724403	2260801140.746	   0.075	8049
59935.724519	2260801120.846	   0.065	8049
59935.724635	2260801105.246	   0.091	8049
59935.724751	2260801087.645	   0.082	8049
59935.724866	2260801071.245	   0.112	8049
59935.724982	2260801052.945	   0.080	8049
59935.725098	2260801034.245	   0.062	8049
59935.725214	2260801015.345	   0.088	8049
59935.725329	2260801000.045	   0.080	8049
59935.725445	2260800979.345	   0.082	8049
59935.725561	2260800962.545	   0.082	8049
59935.725676	2260800944.845	   0.113	8049
59935.725792	2260800927.645	   0.083	8049
59935.725908	2260800910.145	   0.087	8049
59935.726024	2260800890.744	   0.115	8049
59935.726139	2260800875.144	   0.103	8049
59935.726255	2260800854.344	   0.112	8049
59935.726371	2260800838.344	   0.091	8049
59935.726487	2260800818.444	   0.103	8049
59935.726602	2260800801.144	   0.125	8049
59935.726718	2260800782.644	   0.101	8049
59935.726834	2260800766.344	   0.099	8049
59935.726950	2260800747.344	   0.099	8049
59935.727065	2260800728.744	   0.119	8049
59935.727181	2260800709.544	   0.129	8049
59935.727297	2260800690.943	   0.096	8049
59935.727413	2260800675.643	   0.103	8049
59935.727528	2260800655.243	   0.111	8049
59935.727644	2260800636.643	   0.095	8049
59935.727760	2260800619.643	   0.126	8049
59935.727876	2260800602.643	   0.094	8049
59935.727991	2260800584.343	   0.120	8049
59935.728107	2260800564.143	   0.141	8049
59935.728223	2260800547.543	   0.134	8049
59935.728338	2260800529.943	   0.120	8049
59935.728454	2260800509.743	   0.132	8049
59935.728570	2260800491.242	   0.123	8049
59935.728686	2260800474.842	   0.155	8049
59935.728802	2260800456.242	   0.108	8049
59935.728917	2260800438.342	   0.097	8049
59935.729033	2260800419.442	   0.096	8049
59935.729149	2260800400.542	   0.095	8049
59935.729264	2260800384.742	   0.119	8049
59935.729380	2260800364.342	   0.087	8049
59935.729496	2260800347.342	   0.081	8049
59935.729612	2260800327.242	   0.061	8049
59935.729727	2260800311.542	   0.060	8049
59935.729843	2260800291.741	   0.055	8049
59935.729959	2260800273.841	   0.062	8049
59935.730075	2260800254.541	   0.046	8049
59935.730190	2260800236.841	   0.133	8049
59935.730306	2260800217.341	   0.145	8049
59935.730422	2260800199.541	   0.130	8049
59935.730538	2260800180.441	   0.118	8049
59935.730653	2260800164.841	   0.124	8049
59935.730769	2260800146.841	   0.150	8049
59935.730885	2260800128.941	   0.172	8049
59935.731001	2260800109.641	   0.163	8049
59935.731116	2260800091.840	   0.136	8049
59935.731232	2260800073.040	   0.155	8049
59935.731348	2260800051.540	   0.133	8049
59935.731464	2260800036.940	   0.142	8049
59935.731579	2260800018.240	   0.141	8049
59935.731695	2260799999.640	   0.161	8049
59935.731811	2260799982.440	   0.144	8049
59935.731927	2260799964.340	   0.164	8049
59935.732042	2260799944.440	   0.159	8049
59935.732158	2260799928.840	   0.183	8049
59935.732274	2260799910.940	   0.202	8049
59935.732389	2260799892.139	   0.192	8049
59935.732505	2260799875.139	   0.202	8049
59935.732621	2260799856.639	   0.210	8049
59935.732737	2260799839.439	   0.211	8049
59935.732852	2260799820.439	   0.214	8049
59935.732968	2260799801.539	   0.325	8049
59935.733084	2260799782.339	   0.330	8049
59935.733200	2260799766.739	   0.379	8049
59935.733316	2260799748.839	   0.421	8049
59935.733431	2260799729.639	   0.429	8049
59935.733547	2260799711.839	   0.462	8049
59935.733663	2260799693.438	   0.524	8049
59935.733778	2260799673.838	   0.459	8049
59935.733894	2260799656.638	   0.410	8049
59935.734010	2260799639.638	   0.460	8049
59935.734126	2260799619.738	   0.420	8049
59935.734241	2260799601.838	   0.462	8049
59935.734357	2260799586.738	   0.429	8049
59935.734473	2260799569.338	   0.413	8049
59935.734589	2260799549.438	   0.435	8049
59935.734705	2260799531.538	   0.460	8049
59935.734821	2260799510.538	   0.533	8049
59935.734936	2260799493.637	   0.522	8049
59935.735052	2260799476.637	   0.544	8049
59935.735167	2260799458.237	   0.508	8049
59935.735283	2260799440.837	   0.558	8049
59935.735399	2260799420.637	   0.531	8049
59935.735515	2260799403.037	   0.455	8049
59935.735630	2260799387.737	   0.438	8049
59935.735746	2260799366.837	   0.529	8049
59935.735862	2260799349.537	   0.487	8049
59935.735977	2260799331.737	   0.399	8049
59935.736093	2260799313.337	   0.484	8049
59935.736209	2260799295.736	   0.475	8049
59935.736325	2260799276.436	   0.421	8049
59935.736441	2260799257.836	   0.415	8049
59935.736556	2260799238.536	   0.412	8049
59935.736672	2260799222.036	   0.488	8049
59935.736788	2260799203.636	   0.414	8049
59935.736904	2260799186.236	   0.295	8049
59935.737019	2260799166.936	   0.365	8049
59935.737135	2260799148.336	   0.293	8049
59935.737251	2260799130.236	   0.501	8049
59935.737366	2260799113.836	   0.480	8049
59935.737482	2260799095.635	   0.486	8049
59935.737598	2260799076.735	   0.440	8049
59935.737714	2260799058.535	   0.513	8049
59935.737829	2260799040.435	   0.408	8049
59935.737945	2260799021.635	   0.378	8049
59935.738061	2260799001.535	   0.393	8049
59935.738177	2260798985.335	   0.364	8049
59935.738292	2260798965.535	   0.369	8049
59935.738408	2260798947.035	   0.328	8049
59935.738524	2260798929.435	   0.266	8049
59935.738639	2260798909.535	   0.101	8049
59935.738755	2260798893.134	   0.103	8049
59935.738871	2260798873.834	   0.093	8049
59935.738987	2260798855.034	   0.060	8049
59935.739103	2260798838.134	   0.040	8049
59935.739218	2260798819.934	   0.044	8049
59935.739334	2260798802.734	   0.029	8049
59935.739450	2260798784.534	   0.023	8049
59935.739565	2260798764.134	   0.021	8049
59935.739681	2260798744.334	   0.015	8049
59935.739797	2260798727.134	   0.016	8049
59935.739913	2260798711.434	   0.020	8049
59935.740028	2260798689.533	   0.125	8049
59935.740144	2260798672.433	   0.127	8049
59935.740260	2260798652.333	   0.112	8049
59935.740376	2260798637.333	   0.122	8049
59935.740491	2260798618.933	   0.118	8049
59935.740607	2260798597.733	   0.102	8049
59935.740723	2260798579.133	   0.136	8049
59935.740839	2260798561.933	   0.114	8049
59935.740954	2260798543.833	   0.124	8049
59935.741070	2260798524.733	   0.129	8049
59935.741186	2260798507.033	   0.131	8049
59935.741302	2260798488.532	   0.131	8049
59935.741417	2260798469.632	   0.142	8049
59935.741533	2260798453.232	   0.127	8049
59935.741649	2260798434.132	   0.120	8049
59935.741765	2260798415.232	   0.148	8049
59935.741880	2260798395.632	   0.127	8049
59935.741996	2260798377.632	   0.150	8049
59935.742112	2260798358.532	   0.155	8049
59935.742227	2260798342.232	   0.131	8049
59935.742343	2260798321.432	   0.146	8049
59935.742459	2260798304.632	   0.140	8049
59935.742575	2260798285.831	   0.134	8049
59935.742691	2260798267.231	   0.115	8049
59935.742806	2260798250.431	   0.112	8049
59935.742922	2260798229.231	   0.097	8049
59935.743038	2260798211.831	   0.099	8049
59935.743153	2260798194.031	   0.095	8049
59935.743269	2260798174.631	   0.105	8049
59935.743385	2260798156.131	   0.132	8049
59935.743501	2260798138.731	   0.106	8049
59935.743616	2260798120.831	   0.110	8049
59935.743732	2260798100.431	   0.077	8049
59935.743848	2260798083.530	   0.093	8049
59935.743964	2260798063.430	   0.077	8049
59935.744079	2260798045.330	   0.064	8049
59935.744195	2260798028.130	   0.104	8049
59935.744311	2260798010.130	   0.102	8049
59935.744427	2260797990.830	   0.123	8049
59935.744542	2260797971.230	   0.118	8049
59935.744658	2260797952.930	   0.115	8049
59935.744774	2260797936.230	   0.109	8049
59935.744890	2260797915.230	   0.121	8049
59935.745005	2260797898.929	   0.098	8049
59935.745121	2260797880.329	   0.108	8049
59935.745237	2260797863.829	   0.121	8049
59935.745352	2260797842.329	   0.111	8049
59935.745468	2260797823.429	   0.119	8049
59935.745584	2260797805.929	   0.115	8049
59935.745700	2260797789.129	   0.130	8049
59935.745816	2260797769.629	   0.173	8049
59935.745931	2260797752.629	   0.135	8049
59935.746047	2260797733.129	   0.137	8049
59935.746163	2260797714.529	   0.152	8049
59935.746278	2260797696.128	   0.183	8049
59935.746394	2260797680.528	   0.151	8049
59935.746510	2260797658.528	   0.156	8049
59935.746626	2260797641.028	   0.176	8049
59935.746742	2260797623.628	   0.221	8049
59935.746857	2260797605.228	   0.169	8049
59935.746973	2260797587.128	   0.166	8049
59935.747089	2260797568.028	   0.174	8049
59935.747204	2260797551.028	   0.148	8049
59935.747320	2260797532.628	   0.139	8049
59935.747436	2260797513.928	   0.158	8049
59935.747552	2260797494.727	   0.135	8049
59935.747667	2260797478.027	   0.132	8049
59935.747783	2260797459.927	   0.123	8049
59935.747899	2260797441.327	   0.113	8049
59935.748015	2260797422.227	   0.132	8049
59935.748130	2260797402.527	   0.126	8049
59935.748246	2260797385.427	   0.129	8049
59935.748362	2260797365.627	   0.133	8049
59935.748477	2260797350.427	   0.151	8049
59935.748593	2260797331.927	   0.111	8049
59935.748709	2260797313.827	   0.149	8049
59935.748825	2260797294.926	   0.145	8049
59935.748941	2260797275.026	   0.135	8049
59935.749056	2260797259.126	   0.149	8049
59935.749172	2260797240.726	   0.119	8049
59935.749288	2260797223.426	   0.134	8049
59935.749403	2260797205.426	   0.106	8049
59935.749519	2260797185.526	   0.126	8049
59935.749635	2260797167.026	   0.134	8049
59935.749751	2260797149.626	   0.117	8049
59935.749866	2260797131.526	   0.107	8049
59935.749982	2260797114.526	   0.115	8049
59935.750098	2260797096.525	   0.149	8049
59935.750214	2260797078.325	   0.110	8049
59935.750329	2260797060.825	   0.128	8049
59935.750445	2260797041.025	   0.119	8049
59935.750561	2260797024.425	   0.170	8049
59935.750677	2260797007.625	   0.161	8049
59935.750792	2260796990.025	   0.124	8049
59935.750908	2260796970.325	   0.143	8049
59935.751024	2260796953.825	   0.150	8049
59935.751139	2260796936.625	   0.104	8049
59935.751255	2260796917.125	   0.154	8049
59935.751371	2260796898.024	   0.161	8049
59935.751487	2260796882.224	   0.149	8049
59935.751602	2260796865.924	   0.129	8049
59935.751718	2260796848.624	   0.131	8049
59935.751834	2260796828.724	   0.116	8049
59935.751950	2260796810.124	   0.157	8049
59935.752065	2260796793.124	   0.129	8049
59935.752181	2260796776.924	   0.131	8049
59935.752297	2260796761.224	   0.122	8049
59935.752413	2260796739.724	   0.132	8049
59935.752528	2260796723.024	   0.154	8049
59935.752644	2260796705.224	   0.132	8049
59935.752760	2260796687.923	   0.112	8049
59935.752876	2260796668.823	   0.124	8049
59935.752991	2260796651.923	   0.093	8049
59935.753107	2260796636.623	   0.103	8049
59935.753223	2260796620.023	   0.088	8049
59935.753339	2260796598.823	   0.093	8049
59935.753454	2260796582.023	   0.109	8049
59935.753570	2260796565.123	   0.098	8049
59935.753686	2260796549.223	   0.074	8049
59935.753802	2260796529.923	   0.070	8049
59935.753917	2260796511.123	   0.060	8049
59935.754033	2260796493.922	   0.070	8049
59935.754149	2260796475.422	   0.071	8049
59935.754265	2260796454.122	   0.065	8049
59935.754380	2260796438.622	   0.058	8049
59935.754496	2260796421.622	   0.051	8049
59935.754612	2260796403.022	   0.047	8049
59935.754727	2260796384.722	   0.054	8049
59935.754843	2260796364.122	   0.041	8049
59935.754959	2260796348.222	   0.046	8049
59935.755075	2260796329.822	   0.055	8049
59935.755191	2260796312.322	   0.038	8049
59935.755306	2260796294.221	   0.035	8049
59935.755422	2260796275.521	   0.024	8049
59935.755538	2260796259.021	   0.019	8049
59935.755653	2260796239.521	   0.022	8049
59935.755769	2260796221.521	   0.014	8049
59935.755885	2260796204.821	   0.016	8049
59935.756001	2260796187.021	   0.014	8049
59935.756116	2260796169.921	   0.012	8049
59935.756232	2260796151.321	   0.009	8049
59935.756348	2260796133.121	   0.011	8049
59935.756464	2260796116.721	   0.009	8049
59935.756579	2260796100.421	   0.010	8049
59935.756695	2260796082.520	   0.012	8049
59935.756811	2260796065.720	   0.025	8049
59935.756927	2260796047.520	   0.027	8049
59935.757042	2260796029.920	   0.035	8049
59935.757158	2260796014.020	   0.029	8049
59935.757274	2260795995.820	   0.034	8049
59935.757390	2260795978.220	   0.038	8049
59935.757505	2260795962.020	   0.051	8049
59935.757621	2260795944.420	   0.037	8049
59935.757737	2260795927.820	   0.037	8049
59935.757853	2260795912.220	   0.038	8049
59935.757968	2260795895.019	   0.045	8049
59935.758084	2260795877.619	   0.053	8049
59935.758200	2260795861.719	   0.067	8049
59935.758315	2260795845.719	   0.052	8049
59935.758431	2260795827.319	   0.060	8049
59935.758547	2260795812.319	   0.097	8049
59935.758663	2260795795.619	   0.076	8049
59935.758778	2260795779.919	   0.097	8049
59935.758894	2260795761.619	   0.109	8049
59935.759010	2260795743.919	   0.107	8049
59935.759126	2260795730.619	   0.117	8049
59935.759241	2260795714.319	   0.126	8049
59935.759357	2260795698.418	   0.142	8049
59935.759473	2260795682.318	   0.109	8049
59935.759589	2260795665.018	   0.150	8049
59935.759705	2260795649.818	   0.130	8049
59935.759820	2260795635.318	   0.120	8049
59935.759936	2260795619.318	   0.129	8049
59935.760052	2260795603.518	   0.115	8049
59935.760167	2260795587.618	   0.169	8049
59935.760283	2260795569.718	   0.114	8049
59935.760399	2260795554.218	   0.131	8049
59935.760515	2260795537.018	   0.139	8049
59935.760630	2260795519.918	   0.151	8049
59935.760746	2260795503.718	   0.166	8049
59935.760862	2260795488.417	   0.180	8049
59935.760977	2260795469.217	   0.194	8049
59935.761093	2260795453.917	   0.207	8049
59935.761209	2260795436.417	   0.214	8049
59935.761325	2260795419.817	   0.244	8049
59935.761441	2260795404.017	   0.213	8049
59935.761556	2260795387.717	   0.245	8049
59935.761672	2260795371.517	   0.239	8049
59935.761788	2260795356.117	   0.196	8049
59935.761904	2260795340.517	   0.215	8049
59935.762020	2260795324.217	   0.193	8049
59935.762135	2260795308.617	   0.230	8049
59935.762251	2260795292.116	   0.206	8049
59935.762366	2260795277.216	   0.208	8049
59935.762482	2260795260.516	   0.288	8049
59935.762598	2260795246.916	   0.204	8049
59935.762714	2260795230.316	   0.196	8049
59935.762829	2260795214.416	   0.237	8049
59935.762945	2260795200.316	   0.172	8049
59935.763061	2260795185.216	   0.197	8049
59935.763177	2260795170.116	   0.265	8049
59935.763293	2260795155.316	   0.239	8049
59935.763408	2260795142.316	   0.202	8049
59935.763524	2260795124.816	   0.193	8049
59935.763640	2260795111.116	   0.234	8049
59935.763755	2260795099.315	   0.190	8049
59935.763871	2260795083.815	   0.391	8049
59935.763987	2260795069.615	   0.567	8049
59935.764103	2260795055.215	   0.409	8049
59935.764218	2260795041.915	   0.479	8049
59935.764334	2260795029.515	   0.402	8049
59935.764450	2260795016.215	   0.604	8049
59935.764566	2260795002.415	   0.572	8049
59935.764681	2260794990.415	   0.501	8049
59935.764797	2260794975.015	   0.367	8049
59935.764913	2260794958.815	   0.439	8049
59935.765029	2260794943.515	   0.444	8049
59935.765144	2260794931.815	   0.493	8049
59935.765260	2260794915.215	   0.613	8049
59935.765376	2260794899.814	   0.536	8049
59935.765492	2260794887.114	   0.662	8049
59935.765607	2260794871.314	   0.482	8049
59935.765723	2260794856.614	   0.583	8049
59935.765839	2260794842.314	   0.671	8049
59935.765954	2260794829.814	   0.511	8049
59935.766070	2260794814.314	   0.507	8049
59935.766186	2260794801.714	   0.781	8049
59935.766302	2260794788.314	   0.647	8049
59935.766417	2260794775.014	   0.734	8049
59935.766533	2260794761.414	   0.685	8049
59935.766649	2260794748.714	   0.769	8049
59935.766765	2260794736.314	   0.629	8049
59935.766880	2260794723.814	   0.786	8049
59935.766996	2260794711.914	   0.812	8049
59935.767112	2260794699.613	   0.629	8049
59935.767228	2260794686.713	   0.862	8049
59935.767343	2260794674.513	   0.902	8049
59935.767459	2260794664.413	   1.231	8049
59935.767575	2260794652.013	   0.879	8049
59935.767691	2260794640.613	   0.888	8049
59935.767806	2260794631.313	   0.870	8049
59935.767922	2260794620.113	   0.910	8049
59935.768038	2260794609.613	   0.842	8049
59935.768153	2260794598.313	   0.881	8049
59935.768269	2260794587.813	   1.168	8049
59935.768385	2260794578.013	   1.048	8049
59935.768501	2260794566.513	   0.847	8049
59935.768616	2260794552.513	   0.753	8049
59935.768732	2260794540.313	   1.131	8049
59935.768848	2260794526.413	   1.128	8049
59935.768964	2260794516.613	   0.872	8049
59935.769079	2260794504.713	   0.963	8049
59935.769195	2260794492.712	   1.111	8049
59935.769311	2260794482.312	   1.025	8049
59935.769427	2260794470.712	   1.240	8049
59935.769542	2260794460.812	   1.257	8049
59935.769658	2260794448.112	   0.901	8049
59935.769774	2260794440.012	   1.350	8049
59935.769890	2260794430.312	   1.234	8049
59935.770005	2260794420.412	   1.360	8049
59935.770121	2260794411.112	   1.665	8049
59935.770237	2260794402.012	   1.265	8049
59935.770353	2260794392.412	   1.423	8049
59935.770468	2260794383.612	   1.382	8049
59935.770584	2260794376.412	   1.609	8049
59935.770700	2260794367.412	   2.018	8049
59935.770816	2260794360.312	   1.257	8049
59935.770931	2260794352.012	   1.416	8049
59935.771047	2260794344.912	   1.364	8049
59935.771163	2260794339.212	   2.053	8049
59935.771278	2260794332.812	   2.603	8049
59935.771394	2260794324.212	   1.319	8049
59935.771510	2260794315.212	   1.214	8049
59935.771626	2260794304.712	   1.190	8049
59935.771742	2260794296.311	   2.283	8049
59935.771857	2260794287.711	   1.256	8049
59935.771973	2260794279.411	   1.413	8049
59935.772089	2260794270.811	   1.454	8049
59935.772204	2260794264.411	   2.086	8049
59935.772320	2260794255.411	   2.305	8049
59935.772436	2260794249.811	   2.183	8049
59935.772552	2260794242.811	   2.640	8049
59935.772668	2260794236.811	   3.354	8049
59935.772783	2260794229.611	   2.805	8049
59935.772899	2260794224.711	   1.920	8049
59935.773015	2260794220.511	   2.279	8049
59935.773131	2260794214.811	   2.804	8049
59935.773246	2260794211.211	   2.876	8049
59935.773362	2260794206.911	   3.895	8049
59935.773478	2260794203.411	   3.126	8049
59935.773593	2260794199.911	   4.731	8049
59935.773709	2260794196.911	   3.860	8049
59935.773825	2260794194.611	   4.349	8049
59935.773941	2260794189.011	   1.987	8049
59935.774056	2260794183.811	   2.946	8049
59935.774172	2260794178.211	   4.929	8049
59935.774288	2260794173.711	   3.752	8049
59935.774404	2260794168.211	   4.268	8049
59935.774519	2260794164.611	   5.695	8049
59935.774635	2260794160.311	   4.696	8049
59935.774751	2260794157.911	   3.564	8049
59935.774866	2260794154.111	   3.429	8049
59935.774982	2260794152.311	   7.985	8049
59935.775098	2260794150.411	   6.371	8049
59935.775214	2260794148.911	  11.748	8049
59935.775329	2260794148.011	  11.478	8049
59935.775445	2260794147.211	  18.291	8049
59935.775561	2260794147.111	  22.072	8049
59935.775677	2260794147.511	  10.746	8049
59935.775792	2260794148.511	   5.128	8049
59935.775908	2260794149.611	   6.898	8049
59935.776024	2260794151.311	   6.610	8049
59935.776140	2260794152.211	   5.560	8049
59935.776255	2260794150.611	  10.127	8049
59935.776371	2260794149.411	   9.006	8049
59935.776487	2260794149.011	  13.208	8049
59935.776603	2260794148.511	  14.129	8049
59935.776718	2260794148.711	   8.919	8049
59935.776834	2260794149.811	   6.358	8049
59935.776950	2260794150.911	   2.913	8049
59935.777065	2260794152.811	   7.192	8049
59935.777181	2260794155.411	   4.478	8049
59935.777297	2260794158.611	   3.111	8049
59935.777413	2260794161.911	   4.096	8049
59935.777528	2260794166.711	   1.762	8049
59935.777644	2260794171.311	   2.548	8049
59935.777760	2260794176.511	   1.842	8049
59935.777876	2260794182.011	   2.664	8049
59935.777992	2260794188.311	   2.529	8049
59935.778107	2260794196.711	   1.731	8049
59935.778223	2260794199.211	  13.854	8049
59935.778339	2260794203.111	   4.415	8049
59935.778455	2260794206.611	   2.489	8049
59935.778570	2260794211.211	   4.996	8049
59935.778686	2260794216.011	   2.327	8049
59935.778802	2260794222.211	   2.791	8049
59935.778917	2260794229.311	   2.237	8049
59935.779033	2260794235.411	   2.681	8049
59935.779149	2260794242.911	   2.167	8049
59935.779265	2260794251.611	   1.269	8049
59935.779380	2260794261.411	   1.031	8049
59935.779496	2260794269.811	   1.097	8049
59935.779612	2260794280.011	   0.843	8049
59935.779728	2260794292.011	   0.718	8049
59935.779843	2260794303.912	   0.960	8049
59935.779959	2260794315.012	   0.750	8049
59935.780075	2260794324.512	   1.102	8049
59935.780191	2260794333.412	   1.107	8049
59935.780306	2260794342.612	   1.056	8049
59935.780422	2260794351.512	   1.015	8049
59935.780538	2260794363.912	   0.877	8049
59935.780654	2260794375.312	   1.355	8049
59935.780769	2260794385.412	   1.031	8049
59935.780885	2260794400.212	   0.897	8049
59935.781001	2260794413.712	   0.851	8049
59935.781116	2260794427.312	   0.818	8049
59935.781232	2260794440.612	   0.849	8049
59935.781348	2260794458.612	   0.607	8049
59935.781464	2260794475.112	   0.632	8049
59935.781579	2260794491.312	   0.591	8049
59935.781695	2260794510.413	   0.552	8049
59935.781811	2260794525.613	   0.702	8049
59935.781927	2260794537.713	   0.621	8049
59935.782043	2260794553.413	   0.593	8049
59935.782158	2260794568.113	   0.522	8049
59935.782274	2260794586.313	   0.449	8049
59935.782390	2260794602.313	   0.431	8049
59935.782505	2260794620.113	   0.356	8049
59935.782621	2260794638.813	   0.338	8049
59935.782737	2260794661.213	   0.287	8049
59935.782853	2260794682.413	   0.259	8049
59935.782968	2260794701.514	   0.284	8049
59935.783084	2260794727.114	   0.315	8049
59935.783200	2260794747.814	   0.214	8049
59935.783316	2260794771.014	   0.204	8049
59935.783431	2260794794.214	   0.310	8049
59935.783547	2260794812.114	   0.245	8049
59935.783663	2260794836.314	   0.198	8049
59935.783778	2260794855.214	   0.206	8049
59935.783894	2260794882.214	   0.186	8049
59935.784010	2260794901.715	   0.180	8049
59935.784126	2260794926.515	   0.201	8049
59935.784241	2260794950.515	   0.188	8049
59935.784357	2260794978.015	   0.185	8049
59935.784473	2260795006.215	   0.177	8049
59935.784589	2260795034.515	   0.187	8049
59935.784704	2260795064.415	   0.187	8049
59935.784820	2260795093.415	   0.177	8049
59935.784936	2260795122.016	   0.372	8049
59935.785052	2260795149.716	   0.298	8049
59935.785167	2260795174.516	   0.282	8049
59935.785283	2260795203.716	   0.251	8049
59935.785399	2260795230.816	   0.277	8049
59935.785515	2260795260.316	   0.332	8049
59935.785630	2260795293.016	   0.243	8049
59935.785746	2260795321.817	   0.232	8049
59935.785862	2260795351.717	   0.245	8049
59935.785978	2260795387.917	   0.246	8049
59935.786093	2260795421.817	   0.234	8049
59935.786209	2260795457.617	   0.227	8049
59935.786325	2260795490.417	   0.214	8049
59935.786440	2260795531.618	   0.252	8049
59935.786556	2260795564.318	   0.223	8049
59935.786672	2260795595.418	   0.282	8049
59935.786788	2260795631.218	   0.234	8049
59935.786904	2260795663.118	   0.197	8049
59935.787019	2260795698.818	   0.249	8049
59935.787135	2260795737.419	   0.243	8049
59935.787251	2260795775.019	   0.241	8049
59935.787366	2260795811.719	   0.260	8049
59935.787482	2260795850.319	   0.256	8049
59935.787598	2260795890.619	   0.221	8049
59935.787714	2260795936.720	   0.223	8049
59935.787829	2260795981.020	   0.231	8049
59935.787945	2260796023.920	   0.197	8049
59935.788061	2260796056.820	   0.243	8049
59935.788177	2260796095.820	   0.220	8049
59935.805422	2260804428.962	   0.333	8049
59935.805538	2260804466.062	   0.318	8049
59935.805654	2260804512.763	   0.341	8049
59935.805769	2260804546.963	   0.324	8049
59935.805885	2260804587.763	   0.295	8049
59935.806001	2260804626.263	   0.325	8049
59935.806117	2260804663.663	   0.284	8049
59935.806232	2260804702.164	   0.301	8049
59935.806348	2260804745.364	   0.264	8049
59935.806464	2260804786.564	   0.282	8049
59935.806579	2260804824.064	   0.264	8049
59935.806695	2260804860.964	   0.270	8049
59935.806811	2260804898.264	   0.241	8049
59935.806927	2260804934.665	   0.268	8049
59935.807042	2260804969.465	   0.287	8049
59935.807158	2260804998.565	   0.236	8049
59935.807274	2260805034.565	   0.229	8049
59935.807390	2260805066.665	   0.298	8049
59935.807505	2260805096.565	   0.307	8049
59935.807621	2260805128.766	   0.389	8049
59935.807737	2260805163.566	   0.270	8049
59935.807853	2260805200.966	   0.233	8049
59935.807968	2260805234.066	   0.334	8049
59935.808084	2260805267.666	   0.284	8049
59935.808200	2260805301.767	   0.253	8049
59935.808316	2260805329.367	   0.256	8049
59935.808431	2260805361.367	   0.318	8049
59935.808547	2260805388.667	   0.242	8049
59935.808663	2260805416.367	   0.257	8049
59935.808778	2260805444.567	   0.277	8049
59935.808894	2260805474.767	   0.242	8049
59935.809010	2260805496.667	   0.249	8049
59935.809126	2260805523.768	   0.242	8049
59935.809241	2260805547.468	   0.226	8049
59935.809357	2260805578.868	   0.211	8049
59935.809473	2260805608.568	   0.212	8049
59935.809589	2260805636.168	   0.215	8049
59935.809704	2260805661.868	   0.225	8049
59935.809820	2260805688.068	   0.237	8049
59935.809936	2260805711.369	   0.221	8049
59935.810052	2260805734.069	   0.210	8049
59935.810167	2260805759.569	   0.252	8049
59935.810283	2260805780.269	   0.235	8049
59935.810399	2260805804.669	   0.327	8049
59935.810515	2260805822.769	   0.271	8049
59935.810630	2260805844.269	   0.269	8049
59935.810746	2260805864.269	   0.231	8049
59935.810862	2260805882.469	   0.278	8049
59935.810978	2260805908.470	   0.201	8049
59935.811093	2260805929.370	   0.221	8049
59935.811209	2260805951.370	   0.235	8049
59935.811325	2260805970.070	   0.246	8049
59935.811440	2260805994.270	   0.276	8049
59935.811556	2260806011.570	   0.359	8049
59935.811672	2260806029.170	   0.382	8049
59935.811788	2260806050.470	   0.381	8049
59935.811904	2260806067.370	   0.401	8049
59935.812019	2260806083.570	   0.389	8049
59935.812135	2260806099.770	   0.436	8049
59935.812251	2260806113.871	   0.493	8049
59935.812366	2260806127.371	   0.531	8049
59935.812482	2260806143.071	   0.657	8049
59935.812598	2260806156.771	   0.406	8049
59935.812714	2260806174.071	   0.471	8049
59935.812829	2260806190.171	   0.435	8049
59935.812945	2260806206.371	   0.525	8049
59935.813061	2260806223.371	   0.586	8049
59935.813177	2260806239.571	   0.495	8049
59935.813292	2260806252.771	   0.755	8049
59935.813408	2260806265.971	   0.808	8049
59935.813524	2260806279.271	   0.748	8049
59935.813640	2260806292.171	   0.763	8049
59935.813755	2260806302.872	   0.950	8049
59935.813871	2260806314.272	   0.953	8049
59935.813987	2260806322.972	   1.212	8049
59935.814102	2260806334.572	   1.271	8049
59935.814218	2260806342.772	   1.275	8049
59935.814334	2260806350.772	   0.783	8049
59935.814450	2260806359.172	   0.512	8049
59935.814566	2260806372.872	   0.428	8049
59935.814681	2260806383.272	   0.547	8049
59935.814797	2260806394.672	   0.627	8049
59935.814913	2260806404.172	   0.521	8049
59935.815029	2260806416.072	   0.603	8049
59935.815144	2260806424.272	   0.768	8049
59935.815260	2260806432.472	   0.935	8049
59935.815376	2260806441.672	   0.874	8049
59935.815491	2260806449.072	   1.134	8049
59935.815607	2260806456.472	   0.881	8049
59935.815723	2260806463.072	   2.204	8049
59935.815839	2260806468.372	   2.953	8049
59935.815955	2260806473.172	   1.811	8049
59935.816070	2260806478.672	   3.153	8049
59935.816186	2260806482.472	   2.966	8049
59935.816302	2260806486.172	   2.442	8049
59935.816417	2260806489.472	   3.339	8049
59935.816533	2260806496.372	   1.651	8049
59935.816649	2260806503.573	   1.307	8049
59935.816765	2260806508.873	   1.423	8049
59935.816880	2260806515.173	   1.939	8049
59935.816996	2260806520.873	   1.993	8049
59935.817112	2260806524.873	   2.156	8049
59935.817228	2260806530.173	   1.695	8049
59935.817343	2260806533.273	   2.015	8049
59935.817459	2260806537.273	   2.551	8049
59935.817575	2260806539.873	   2.621	8049
59935.817690	2260806542.073	   3.064	8049
59935.817806	2260806544.473	   5.135	8049
59935.817922	2260806545.773	   5.846	8049
59935.818038	2260806547.073	   7.167	8049
59935.818153	2260806547.373	   6.644	8049
59935.818269	2260806547.773	  10.509	8049
59935.818385	2260806547.373	  10.165	8049
59935.818501	2260806546.473	   9.591	8049
59935.818616	2260806545.373	   8.177	8049
59935.818732	2260806547.673	   4.405	8049
59935.818848	2260806550.273	   3.787	8049
59935.818964	2260806551.773	   9.459	8049
59935.819079	2260806553.373	  10.315	8049
59935.819195	2260806554.373	  12.895	8049
59935.819311	2260806554.773	  14.377	8049
59935.819427	2260806554.973	  17.317	8049
59935.819542	2260806554.773	  13.255	8049
59935.819658	2260806554.173	   9.480	8049
59935.819774	2260806553.073	   9.737	8049
59935.819890	2260806551.473	   9.361	8049
59935.820005	2260806549.873	   4.796	8049
59935.820121	2260806547.773	   3.024	8049
59935.820237	2260806545.173	   4.274	8049
59935.820353	2260806541.673	   2.840	8049
59935.820468	2260806539.073	   4.127	8049
59935.820584	2260806535.373	   1.682	8049
59935.820700	2260806531.573	   2.233	8049
59935.820816	2260806526.873	   2.433	8049
59935.820931	2260806522.473	   1.703	8049
59935.821047	2260806517.173	   2.992	8049
59935.821163	2260806516.273	   3.651	8049
59935.821278	2260806513.973	   4.193	8049
59935.821394	2260806511.573	   3.033	8049
59935.821510	2260806508.473	   3.247	8049
59935.821626	2260806506.273	   4.871	8049
59935.821742	2260806502.573	   2.095	8049
59935.821857	2260806499.172	   4.821	8049
59935.821973	2260806495.372	   2.184	8049
59935.822089	2260806491.172	   2.185	8049
59935.822205	2260806486.572	   1.451	8049
59935.822320	2260806481.172	   2.202	8049
59935.822436	2260806476.872	   1.894	8049
59935.822552	2260806471.372	   1.252	8049
59935.822667	2260806465.972	   1.289	8049
59935.822783	2260806458.872	   1.472	8049
59935.822899	2260806452.272	   1.436	8049
59935.823015	2260806446.672	   2.353	8049
59935.823130	2260806439.572	   1.485	8049
59935.823246	2260806432.872	   1.805	8049
59935.823362	2260806423.872	   1.449	8049
59935.823478	2260806416.972	   1.464	8049
59935.823593	2260806408.672	   1.242	8049
59935.823709	2260806400.872	   1.266	8049
59935.823825	2260806393.672	   2.723	8049
59935.823940	2260806388.772	   1.991	8049
59935.824056	2260806382.172	   2.551	8049
59935.824172	2260806376.572	   2.528	8049
59935.824288	2260806369.972	   1.370	8049
59935.824403	2260806364.272	   1.432	8049
59935.824519	2260806356.972	   1.818	8049
59935.824635	2260806350.772	   1.526	8049
59935.824751	2260806343.172	   1.487	8049
59935.824866	2260806335.872	   1.690	8049
59935.824982	2260806328.372	   1.455	8049
59935.825098	2260806320.272	   1.293	8049
59935.825214	2260806312.372	   1.509	8049
59935.825329	2260806303.972	   1.708	8049
59935.825445	2260806295.171	   1.466	8049
59935.825561	2260806286.171	   1.520	8049
59935.825677	2260806277.771	   1.548	8049
59935.825792	2260806268.071	   1.650	8049
59935.825908	2260806259.071	   1.558	8049
59935.826024	2260806249.671	   1.561	8049
59935.826139	2260806239.171	   1.439	8049
59935.826255	2260806229.471	   1.840	8049
59935.826371	2260806218.771	   1.579	8049
59935.826487	2260806208.871	   1.549	8049
59935.826602	2260806197.871	   1.503	8049
59935.826718	2260806187.271	   2.001	8049
59935.826834	2260806175.371	   1.515	8049
59935.826950	2260806164.371	   1.310	8049
59935.827065	2260806156.371	   2.167	8049
59935.827181	2260806148.071	   1.024	8049
59935.827297	2260806138.371	   0.002	8049
59935.832737	2260805580.268	   0.003	8049
59935.832852	2260805565.668	   0.005	8049
59935.833431	2260805496.467	   0.003	8049
59935.833547	2260805480.667	   0.003	8049
59935.833663	2260805468.867	   0.005	8049
59935.834010	2260805426.767	   1.843	8049
59935.834126	2260805413.567	   2.030	8049
59935.834241	2260805397.367	   1.679	8049
59935.834357	2260805383.867	   1.592	8049
59935.834473	2260805365.867	   1.650	8049
59935.834589	2260805352.667	   1.632	8049
59935.834705	2260805338.367	   1.835	8049
59935.834821	2260805321.567	   1.442	8049
59935.834936	2260805308.667	   1.529	8049
59935.835052	2260805291.666	   1.724	8049
59935.835168	2260805277.166	   1.528	8049
59935.835283	2260805262.266	   1.448	8049
59935.835399	2260805244.866	   1.764	8049
59935.835514	2260805231.866	   2.230	8049
59935.835630	2260805217.766	   2.095	8049
59935.835746	2260805203.866	   2.164	8049
59935.835862	2260805189.266	   2.208	8049
59935.835977	2260805174.666	   2.082	8049
59935.836093	2260805160.066	   1.854	8049
59935.836209	2260805147.066	   2.333	8049
59935.836325	2260805133.866	   1.816	8049
59935.836440	2260805118.666	   2.316	8049
59935.836556	2260805103.266	   1.927	8049
59935.836672	2260805089.965	   2.112	8049
59935.836788	2260805073.465	   1.837	8049
59935.836903	2260805061.565	   2.205	8049
59935.837019	2260805045.765	   1.742	8049
59935.837135	2260805030.865	   2.388	8049
59935.837251	2260805016.465	   1.566	8049
59935.837366	2260805000.865	   1.925	8049
59935.837482	2260804986.765	   1.788	8049
59935.837598	2260804971.765	   1.508	8049
59935.837713	2260804955.165	   1.753	8049
59935.837829	2260804942.065	   2.021	8049
59935.837945	2260804926.465	   1.982	8049
59935.838061	2260804910.665	   1.990	8049
59935.838176	2260804893.564	   1.448	8049
59935.838292	2260804879.864	   1.419	8049
59935.838408	2260804864.364	   1.414	8049
59935.838524	2260804847.664	   1.353	8049
59935.838639	2260804832.564	   1.695	8049
59935.838755	2260804817.864	   1.768	8049
59935.838871	2260804801.464	   1.387	8049
59935.838987	2260804785.664	   1.322	8049
59935.839102	2260804770.464	   1.464	8049
59935.839218	2260804752.864	   1.577	8049
59935.839334	2260804737.964	   1.239	8049
59935.839450	2260804722.164	   1.550	8049
59935.839565	2260804706.064	   1.016	8049
59935.839681	2260804690.663	   1.129	8049
59935.839797	2260804672.663	   1.001	8049
59935.839913	2260804656.963	   0.963	8049
59935.840028	2260804641.163	   1.000	8049
59935.840144	2260804624.963	   0.894	8049
59935.840260	2260804608.163	   1.019	8049
59935.840376	2260804591.363	   1.284	8049
59935.840491	2260804575.963	   0.876	8049
59935.840607	2260804559.363	   0.857	8049
59935.840723	2260804543.563	   1.021	8049
59935.840839	2260804524.563	   0.871	8049
59935.840954	2260804510.863	   0.967	8049
59935.841070	2260804493.362	   0.847	8049
59935.841186	2260804475.762	   1.036	8049
59935.841301	2260804458.862	   0.862	8049
59935.841417	2260804441.262	   0.893	8049
59935.841533	2260804426.162	   0.798	8049
59935.841649	2260804408.262	   0.742	8049
59935.841765	2260804393.462	   0.827	8049
59935.841880	2260804376.362	   0.831	8049
59935.841996	2260804361.762	   0.803	8049
59935.842112	2260804345.262	   0.932	8049
59935.842227	2260804330.162	   0.729	8049
59935.842343	2260804314.862	   0.637	8049
59935.842459	2260804298.561	   0.594	8049
59935.842575	2260804281.361	   0.822	8049
59935.842690	2260804265.861	   0.737	8049
59935.842806	2260804249.861	   0.639	8049
59935.842922	2260804233.261	   0.578	8049
59935.843038	2260804216.561	   0.653	8049
59935.843153	2260804202.761	   0.731	8049
59935.843269	2260804187.661	   0.649	8049
59935.843385	2260804170.861	   0.742	8049
59935.843501	2260804152.061	   0.626	8049
59935.843616	2260804137.461	   0.732	8049
59935.843732	2260804120.561	   0.656	8049
59935.843848	2260804103.161	   0.402	8049
59935.843964	2260804087.460	   0.446	8049
59935.844079	2260804070.160	   0.333	8049
59935.844195	2260804056.560	   0.485	8049
59935.844311	2260804039.660	   0.330	8049
59935.844426	2260804023.060	   0.435	8049
59935.844542	2260804005.760	   0.406	8049
59935.844658	2260803990.160	   0.326	8049
59935.844774	2260803973.660	   0.314	8049
59935.844889	2260803954.160	   0.431	8049
59935.845005	2260803940.760	   0.390	8049
59935.845121	2260803921.660	   0.352	8049
59935.845237	2260803906.260	   0.624	8049
59935.845353	2260803889.559	   0.573	8049
59935.845468	2260803871.159	   0.635	8049
59935.845584	2260803855.659	   0.633	8049
59935.845700	2260803837.059	   0.488	8049
59935.845815	2260803822.459	   0.482	8049
59935.845931	2260803805.859	   0.535	8049
59935.846047	2260803787.559	   0.474	8049
59935.846163	2260803770.559	   0.476	8049
59935.846278	2260803754.959	   0.475	8049
59935.846394	2260803736.959	   0.411	8049
59935.846510	2260803718.059	   0.378	8049
59935.846626	2260803703.059	   0.733	8049
59935.846741	2260803685.058	   0.517	8049
59935.846857	2260803669.858	   0.434	8049
59935.846973	2260803652.458	   0.521	8049
59935.847089	2260803633.258	   0.580	8049
59935.847205	2260803619.058	   0.491	8049
59935.847320	2260803598.558	   0.457	8049
59935.847436	2260803581.258	   0.490	8049
59935.847551	2260803565.658	   0.476	8049
59935.847667	2260803548.558	   0.591	8049
59935.847783	2260803530.258	   0.395	8049
59935.847899	2260803513.858	   0.458	8049
59935.848014	2260803496.057	   0.262	8049
59935.848130	2260803475.757	   0.280	8049
59935.848246	2260803460.057	   0.358	8049
59935.848362	2260803442.957	   0.311	8049
59935.848478	2260803427.657	   0.312	8049
59935.848593	2260803407.257	   0.307	8049
59935.848709	2260803391.357	   0.364	8049
59935.848825	2260803373.857	   0.321	8049
59935.848940	2260803355.057	   0.298	8049
59935.849056	2260803339.857	   0.317	8049
59935.849172	2260803319.757	   0.268	8049
59935.849288	2260803303.257	   0.302	8049
59935.849403	2260803285.456	   0.293	8049
59935.849519	2260803268.756	   0.370	8049
59935.849635	2260803250.456	   0.340	8049
59935.849751	2260803233.456	   0.347	8049
59935.849866	2260803215.756	   0.320	8049
59935.849982	2260803197.356	   0.417	8049
59935.850098	2260803180.356	   0.328	8049
59935.850214	2260803162.056	   0.335	8049
59935.850329	2260803144.856	   0.287	8049
59935.850445	2260803125.256	   0.271	8049
59935.850561	2260803106.956	   0.303	8049
59935.850677	2260803091.355	   0.257	8049
59935.850792	2260803074.555	   0.324	8049
59935.850908	2260803057.155	   0.237	8049
59935.851024	2260803039.055	   0.272	8049
59935.851139	2260803021.855	   0.291	8049
59935.851255	2260803005.855	   0.278	8049
59935.851371	2260802987.855	   0.332	8049
59935.851487	2260802971.355	   0.222	8049
59935.851602	2260802954.655	   0.209	8049
59935.851718	2260802937.955	   0.201	8049
59935.851834	2260802920.955	   0.243	8049
59935.851950	2260802901.855	   0.197	8049
59935.852065	2260802888.054	   0.201	8049
59935.852181	2260802869.654	   0.178	8049
59935.852297	2260802850.554	   0.174	8049
59935.852413	2260802834.854	   0.189	8049
59935.852528	2260802816.854	   0.192	8049
59935.852644	2260802801.354	   0.165	8049
59935.852760	2260802782.254	   0.249	8049
59935.852876	2260802763.454	   0.206	8049
59935.852991	2260802747.054	   0.237	8049
59935.853107	2260802730.954	   0.223	8049
59935.853223	2260802711.654	   0.249	8049
59935.853339	2260802694.953	   0.226	8049
59935.853454	2260802677.253	   0.221	8049
59935.853570	2260802662.453	   0.229	8049
59935.853686	2260802643.553	   0.260	8049
59935.853802	2260802625.753	   0.236	8049
59935.853917	2260802609.153	   0.273	8049
59935.854033	2260802591.153	   0.243	8049
59935.854149	2260802572.953	   0.249	8049
59935.854264	2260802554.953	   0.249	8049
59935.854380	2260802540.053	   0.198	8049
59935.854496	2260802520.853	   0.223	8049
59935.854612	2260802501.953	   0.183	8049
59935.854728	2260802486.752	   0.179	8049
59935.854843	2260802468.452	   0.215	8049
59935.854959	2260802450.452	   0.202	8049
59935.855075	2260802432.652	   0.315	8049
59935.855190	2260802414.852	   0.292	8049
59935.855306	2260802395.552	   0.275	8049
59935.855422	2260802380.552	   0.228	8049
59935.855538	2260802361.552	   0.254	8049
59935.855653	2260802343.352	   0.252	8049
59935.855769	2260802326.152	   0.274	8049
59935.855885	2260802307.552	   0.249	8049
59935.856001	2260802291.051	   0.281	8049
59935.856116	2260802275.851	   0.206	8049
59935.856232	2260802255.651	   0.272	8049
59935.856348	2260802237.151	   0.277	8049
59935.856464	2260802218.151	   0.214	8049
59935.856579	2260802199.851	   0.196	8049
59935.856695	2260802184.751	   0.215	8049
59935.856811	2260802165.951	   0.314	8049
59935.856927	2260802148.251	   0.234	8049
59935.857042	2260802131.451	   0.248	8049
59935.857158	2260802114.451	   0.208	8049
59935.857274	2260802094.350	   0.244	8049
59935.857390	2260802076.050	   0.263	8049
59935.857505	2260802059.450	   0.264	8049
59935.857621	2260802039.150	   0.224	8049
59935.857737	2260802023.850	   0.273	8049
59935.857852	2260802006.750	   0.247	8049
59935.857968	2260801988.850	   0.265	8049
59935.858084	2260801971.750	   0.196	8049
59935.858200	2260801953.150	   0.269	8049
59935.858316	2260801934.050	   0.206	8049
59935.858431	2260801915.150	   0.254	8049
59935.858547	2260801897.349	   0.230	8049
59935.858663	2260801881.049	   0.198	8049
59935.858778	2260801863.549	   0.222	8049
59935.858894	2260801842.549	   0.266	8049
59935.859010	2260801828.249	   0.224	8049
59935.859126	2260801808.549	   0.234	8049
59935.859241	2260801788.949	   0.356	8049
59935.859357	2260801772.349	   0.363	8049
59935.859473	2260801753.449	   0.293	8049
59935.859589	2260801735.449	   0.328	8049
59935.859704	2260801718.949	   0.279	8049
59935.859820	2260801700.549	   0.274	8049
59935.859936	2260801682.148	   0.267	8049
59935.860051	2260801662.148	   0.269	8049
59935.860167	2260801644.648	   0.253	8049
59935.860283	2260801626.848	   0.234	8049
59935.860399	2260801607.748	   0.284	8049
59935.860514	2260801590.648	   0.291	8049
59935.860630	2260801572.748	   0.245	8049
59935.860746	2260801555.548	   0.285	8049
59935.860862	2260801536.148	   0.255	8049
59935.860977	2260801518.648	   0.256	8049
59935.861093	2260801501.948	   0.265	8049
59935.861209	2260801482.647	   0.245	8049
59935.861325	2260801463.947	   0.268	8049
59935.861441	2260801443.347	   0.262	8049
59935.861556	2260801424.947	   0.242	8049
59935.861672	2260801409.547	   0.266	8049
59935.861788	2260801392.347	   0.240	8049
59935.861903	2260801372.147	   0.289	8049
59935.862019	2260801352.547	   0.191	8049
59935.862135	2260801334.847	   0.148	8049
59935.862251	2260801318.647	   0.137	8049
59935.862366	2260801299.046	   0.137	8049
59935.862482	2260801281.646	   0.164	8049
59935.862598	2260801261.846	   0.178	8049
59935.862714	2260801242.146	   0.171	8049
59935.862829	2260801225.046	   0.156	8049
59935.862945	2260801206.046	   0.153	8049
59935.863061	2260801187.746	   0.205	8049
59935.863177	2260801170.346	   0.181	8049
59935.863292	2260801152.946	   0.177	8049
59935.863408	2260801135.046	   0.221	8049
59935.863524	2260801116.046	   0.185	8049
59935.863640	2260801095.045	   0.171	8049
59935.863755	2260801077.345	   0.167	8049
59935.863871	2260801059.945	   0.164	8049
59935.863987	2260801040.845	   0.135	8049
59935.864102	2260801022.945	   0.138	8049
59935.864218	2260801005.645	   0.125	8049
59935.864334	2260800987.545	   0.099	8049
59935.864450	2260800967.745	   0.097	8049
59935.864565	2260800952.045	   0.068	8049
59935.864681	2260800932.345	   0.062	8049
59935.864797	2260800915.345	   0.106	8049
59935.864913	2260800900.044	   0.110	8049
59935.865029	2260800878.644	   0.119	8049
59935.865144	2260800860.644	   0.108	8049
59935.865260	2260800844.344	   0.148	8049
59935.865376	2260800826.544	   0.117	8049
59935.865491	2260800807.844	   0.117	8049
59935.865607	2260800787.944	   0.115	8049
59935.865723	2260800772.644	   0.117	8049
59935.865839	2260800753.244	   0.117	8049
59935.865954	2260800734.544	   0.117	8049
59935.866070	2260800718.444	   0.116	8049
59935.866186	2260800698.643	   0.128	8049
59935.866301	2260800681.843	   0.011	8049
59935.866417	2260800663.843	   0.011	8049
59935.866533	2260800648.943	   0.010	8049
59935.866649	2260800630.143	   0.009	8049
59935.866764	2260800607.943	   0.010	8049
59935.866880	2260800592.943	   0.009	8049
59935.867112	2260800557.843	   0.006	8049
59935.867228	2260800537.443	   0.007	8049
59935.867343	2260800519.043	   0.008	8049
59935.867459	2260800501.643	   0.009	8049
59935.867575	2260800477.742	   0.014	8049
59935.867690	2260800463.442	   0.057	8049
59935.867806	2260800446.642	   0.058	8049
59935.867922	2260800428.342	   0.056	8049
59935.868038	2260800412.442	   0.058	8049
59935.868153	2260800816.844	   0.065	8049
59935.868269	2260800798.544	   0.102	8049
59935.868385	2260800781.144	   0.091	8049
59935.868501	2260800762.544	   0.052	8049
59935.868616	2260800742.244	   0.098	8049
59935.868732	2260800728.244	   0.076	8049
59935.868848	2260800709.844	   0.081	8049
59935.868964	2260800689.343	   0.103	8049
59935.869079	2260800670.243	   0.115	8049
59935.869195	2260800655.943	   0.102	8049
59935.869311	2260800636.043	   0.120	8049
59935.869427	2260800615.643	   0.121	8049
59935.869542	2260800596.243	   0.105	8049
59935.869658	2260800579.943	   0.110	8049
59935.869774	2260800562.743	   0.094	8049
59935.869890	2260800544.743	   0.166	8049
59935.870005	2260800526.643	   0.154	8049
59935.870121	2260800502.843	   0.101	8049
59935.870237	2260800489.142	   0.187	8049
59935.870352	2260800472.842	   0.089	8049
59935.870468	2260800451.442	   0.138	8049
59935.870584	2260800433.142	   0.136	8049
59935.870700	2260800413.742	   0.169	8049
59935.870815	2260800398.142	   0.150	8049
59935.870931	2260800378.142	   0.123	8049
59935.871047	2260800361.842	   0.119	8049
59935.871163	2260800340.042	   0.224	8049
59935.871278	2260800322.842	   0.126	8049
59935.871394	2260800301.142	   0.165	8049
59935.871510	2260800288.141	   0.123	8049
59935.871626	2260800264.041	   0.124	8049
59935.871741	2260800247.941	   0.120	8049
59935.871857	2260800230.141	   0.160	8049
59935.871973	2260800208.941	   0.136	8049
59935.872089	2260800192.641	   0.179	8049
59935.872204	2260800176.041	   0.221	8049
59935.872320	2260800152.841	   0.150	8049
59935.872436	2260800139.041	   0.152	8049
59935.872552	2260800000.740	   0.008	8049
59935.872667	2260799677.738	   0.203	8049
59935.872783	2260799661.738	   0.148	8049
59935.872899	2260799640.938	   0.166	8049
59935.873014	2260799624.338	   0.185	8049
59935.873130	2260799603.038	   0.185	8049
59935.873246	2260799587.438	   0.120	8049
59935.873362	2260799566.938	   0.125	8049
59935.873477	2260799549.238	   0.113	8049
59935.873593	2260799529.638	   0.131	8049
59935.873709	2260799511.938	   0.125	8049
59935.873825	2260799492.737	   0.102	8049
59935.873941	2260799475.737	   0.118	8049
59935.874056	2260799457.637	   0.109	8049
59935.874172	2260799439.437	   0.112	8049
59935.874288	2260799419.937	   0.112	8049
59935.874403	2260799403.137	   0.116	8049
59935.874519	2260799383.437	   0.094	8049
59935.874635	2260799364.337	   0.144	8049
59935.874751	2260799344.537	   0.145	8049
59935.874867	2260799325.437	   0.141	8049
59935.874982	2260799308.837	   0.156	8049
59935.875098	2260799288.536	   0.156	8049
59935.875214	2260799269.136	   0.142	8049
59935.875329	2260799253.436	   0.127	8049
59935.875445	2260799232.836	   0.130	8049
59935.875561	2260799216.336	   0.178	8049
59935.875677	2260799195.236	   0.166	8049
59935.875792	2260799177.536	   0.178	8049
59935.875908	2260799159.636	   0.136	8049
59935.876024	2260799140.436	   0.164	8049
59935.876140	2260799120.936	   0.160	8049
59935.876255	2260799103.436	   0.159	8049
59935.876371	2260799084.935	   0.137	8049
59935.876487	2260799065.135	   0.139	8049
59935.876603	2260799047.235	   0.200	8049
59935.876718	2260799027.935	   0.174	8049
59935.876834	2260799010.235	   0.163	8049
59935.876950	2260798990.235	   0.169	8049
59935.877066	2260798972.535	   0.143	8049
59935.877181	2260798952.435	   0.156	8049
59935.877297	2260798933.135	   0.165	8049
59935.877413	2260798913.035	   0.144	8049
59935.877528	2260798894.734	   0.201	8049
59935.877644	2260798877.334	   0.193	8049
59935.877760	2260798859.434	   0.175	8049
59935.877876	2260798840.634	   0.181	8049
59935.877991	2260798820.234	   0.247	8049
59935.878107	2260798800.034	   0.182	8049
59935.878223	2260798784.034	   0.164	8049
59935.878339	2260798763.634	   0.161	8049
59935.878454	2260798743.234	   0.249	8049
59935.878570	2260798725.134	   0.163	8049
59935.878686	2260798706.434	   0.228	8049
59935.878802	2260798685.333	   0.162	8049
59935.878917	2260798669.133	   0.165	8049
59935.879033	2260798647.333	   0.189	8049
59935.879149	2260798630.833	   0.173	8049
59935.879265	2260798613.233	   0.156	8049
59935.879380	2260798594.133	   0.185	8049
59935.879496	2260798574.233	   0.190	8049
59935.879612	2260798555.733	   0.232	8049
59935.879727	2260798535.933	   0.202	8049
59935.879843	2260798518.033	   0.233	8049
59935.879959	2260798500.032	   0.212	8049
59935.880075	2260798480.132	   0.222	8049
59935.880190	2260798462.132	   0.218	8049
59935.880306	2260798442.632	   0.306	8049
59935.880422	2260798426.632	   0.262	8049
59935.880538	2260798405.232	   0.211	8049
59935.880653	2260798390.632	   0.210	8049
59935.880769	2260798369.632	   0.211	8049
59935.880885	2260798350.932	   0.221	8049
59935.881001	2260798334.132	   0.239	8049
59935.881116	2260798313.232	   0.198	8049
59935.881232	2260798297.531	   0.199	8049
59935.881348	2260798277.431	   0.228	8049
59935.881464	2260798257.831	   0.205	8049
59935.881579	2260798240.931	   0.246	8049
59935.881695	2260798222.431	   0.195	8049
59935.881811	2260798203.731	   0.199	8049
59935.881927	2260798185.731	   0.241	8049
59935.882042	2260798165.731	   0.201	8049
59935.882158	2260798148.331	   0.211	8049
59935.882274	2260798128.531	   0.217	8049
59935.882390	2260798111.131	   0.215	8049
59935.882505	2260798091.430	   0.211	8049
59935.882621	2260798074.130	   0.193	8049
59935.882737	2260798056.930	   0.233	8049
59935.882852	2260798038.030	   0.180	8049
59935.882968	2260798018.130	   0.262	8049
59935.883084	2260798001.630	   0.164	8049
59935.883200	2260797982.130	   0.223	8049
59935.883315	2260797964.630	   0.164	8049
59935.883431	2260797942.130	   0.236	8049
59935.883547	2260797925.430	   0.168	8049
59935.883663	2260797906.130	   0.209	8049
59935.883779	2260797889.329	   0.183	8049
59935.883894	2260797869.629	   0.164	8049
59935.884010	2260797853.129	   0.153	8049
59935.884126	2260797833.929	   0.155	8049
59935.884241	2260797814.729	   0.134	8049
59935.884357	2260797793.929	   0.140	8049
59935.884473	2260797775.629	   0.145	8049
59935.884589	2260797755.529	   0.117	8049
59935.884704	2260797738.829	   0.135	8049
59935.884820	2260797720.029	   0.122	8049
59935.884936	2260797700.829	   0.150	8049
59935.885052	2260797680.828	   0.122	8049
59935.885167	2260797665.028	   0.135	8049
59935.885283	2260797643.828	   0.168	8049
59935.885399	2260797626.428	   0.129	8049
59935.885515	2260797607.128	   0.158	8049
59935.885630	2260797588.928	   0.149	8049
59935.885746	2260797569.728	   0.153	8049
59935.885862	2260797551.628	   0.160	8049
59935.885977	2260797531.428	   0.221	8049
59935.886093	2260797512.628	   0.171	8049
59935.886209	2260797492.027	   0.167	8049
59935.886325	2260797474.427	   0.165	8049
59935.886440	2260797456.727	   0.171	8049
59935.886556	2260797438.927	   0.138	8049
59935.886672	2260797420.527	   0.141	8049
59935.886788	2260797399.827	   0.185	8049
59935.886904	2260797381.627	   0.155	8049
59935.887019	2260797361.027	   0.140	8049
59935.887135	2260797342.727	   0.171	8049
59935.887251	2260797324.627	   0.118	8049
59935.887366	2260797304.627	   0.128	8049
59935.887482	2260797286.526	   0.118	8049
59935.887598	2260797266.826	   0.135	8049
59935.887714	2260797249.226	   0.121	8049
59935.887829	2260797229.026	   0.116	8049
59935.887945	2260797210.926	   0.140	8049
59935.888061	2260797190.126	   0.122	8049
59935.888177	2260797174.526	   0.094	8049
59935.888292	2260797152.226	   0.108	8049
59935.888408	2260797132.926	   0.127	8049
59935.888524	2260797117.226	   0.105	8049
59935.888640	2260797097.225	   0.100	8049
59935.888755	2260797077.725	   0.099	8049
59935.888871	2260797057.725	   0.122	8049
59935.888987	2260797037.525	   0.107	8049
59935.889103	2260797018.825	   0.098	8049
59935.889218	2260797003.225	   0.112	8049
59935.889334	2260796983.125	   0.095	8049
59935.889450	2260796962.225	   0.101	8049
59935.889565	2260796942.725	   0.094	8049
59935.889681	2260796924.025	   0.100	8049
59935.889797	2260796904.125	   0.108	8049
59935.889913	2260796887.724	   0.094	8049
59935.890029	2260796865.524	   0.098	8049
59935.890144	2260796849.724	   0.113	8049
59935.890260	2260796830.824	   0.093	8049
59935.890376	2260796812.424	   0.096	8049
59935.890491	2260796789.024	   0.099	8049
59935.890607	2260796771.024	   0.123	8049
59935.890723	2260796751.824	   0.124	8049
59935.890839	2260796733.124	   0.106	8049
59935.890954	2260796715.524	   0.106	8049
59935.891070	2260796696.123	   0.133	8049
59935.891186	2260796675.023	   0.113	8049
59935.891302	2260796656.323	   0.110	8049
59935.891417	2260796637.423	   0.112	8049
59935.891533	2260796617.623	   0.101	8049
59935.891649	2260796599.523	   0.091	8049
59935.891765	2260796581.923	   0.101	8049
59935.891880	2260796560.523	   0.105	8049
59935.891996	2260796543.823	   0.103	8049
59935.892112	2260796521.723	   0.101	8049
59935.892227	2260796504.523	   0.103	8049
59935.892343	2260796485.622	   0.103	8049
59935.892459	2260796465.222	   0.087	8049
59935.892575	2260796448.622	   0.099	8049
59935.892691	2260796424.122	   0.076	8049
59935.892806	2260796409.322	   0.092	8049
59935.892922	2260796388.522	   0.116	8049
59935.893038	2260796370.722	   0.121	8049
59935.893154	2260796350.222	   0.138	8049
59935.893269	2260796331.122	   0.130	8049
59935.893385	2260796312.822	   0.114	8049
59935.893501	2260796293.721	   0.165	8049
59935.893616	2260796276.021	   0.110	8049
59935.893732	2260796255.621	   0.121	8049
59935.893848	2260796236.221	   0.107	8049
59935.893964	2260796218.221	   0.107	8049
59935.894079	2260796197.521	   0.108	8049
59935.894195	2260796179.921	   0.093	8049
59935.894311	2260796161.521	   0.099	8049
59935.894427	2260796142.821	   0.116	8049
59935.894542	2260796121.421	   0.107	8049
59935.894658	2260796104.121	   0.106	8049
59935.894774	2260796084.220	   0.114	8049
59935.894890	2260796067.520	   0.089	8049
59935.895005	2260796046.620	   0.104	8049
59935.895121	2260796027.620	   0.105	8049
59935.895237	2260796009.220	   0.101	8049
59935.895352	2260795990.820	   0.115	8049
59935.895468	2260795970.920	   0.110	8049
59935.895584	2260795951.520	   0.102	8049
59935.895700	2260795934.820	   0.123	8049
59935.895816	2260795914.320	   0.125	8049
59935.895931	2260795895.119	   0.133	8049
59935.896047	2260795879.219	   0.106	8049
59935.896163	2260795857.119	   0.111	8049
59935.896278	2260795841.219	   0.116	8049
59935.896394	2260795818.619	   0.094	8049
59935.896510	2260795803.819	   0.100	8049
59935.896626	2260795780.919	   0.093	8049
59935.896741	2260795765.519	   0.094	8049
59935.896857	2260795745.219	   0.090	8049
59935.896973	2260795726.519	   0.083	8049
59935.897089	2260795707.519	   0.090	8049
59935.897204	2260795689.418	   0.079	8049
59935.897320	2260795671.918	   0.056	8049
59935.897436	2260795651.618	   0.076	8049
59935.897552	2260795633.118	   0.072	8049
59935.897667	2260795615.018	   0.062	8049
59935.897783	2260795595.718	   0.045	8049
59935.897899	2260795577.018	   0.060	8049
59935.898015	2260795558.918	   0.073	8049
59935.898130	2260795539.718	   0.063	8049
59935.898246	2260795520.118	   0.060	8049
59935.898362	2260795501.318	   0.050	8049
59935.898477	2260795482.517	   0.060	8049
59935.898593	2260795463.417	   0.055	8049
59935.898709	2260795443.217	   0.055	8049
59935.898825	2260795427.417	   0.048	8049
59935.898940	2260795408.017	   0.049	8049
59935.899056	2260795388.717	   0.052	8049
59935.899172	2260795372.017	   0.065	8049
59935.899288	2260795351.017	   0.057	8049
59935.899403	2260795334.417	   0.057	8049
59935.899519	2260795313.717	   0.058	8049
59935.899635	2260795296.016	   0.066	8049
59935.899751	2260795278.816	   0.054	8049
59935.899866	2260795257.616	   0.058	8049
59935.899982	2260795238.816	   0.044	8049
59935.900098	2260795222.516	   0.059	8049
59935.900214	2260795204.516	   0.050	8049
59935.900329	2260795185.116	   0.045	8049
59935.900445	2260795164.116	   0.045	8049
59935.900561	2260795148.516	   0.052	8049
59935.900677	2260795131.016	   0.060	8049
59935.900792	2260795110.216	   0.046	8049
59935.900908	2260795092.215	   0.045	8049
59935.901024	2260795074.315	   0.040	8049
59935.901140	2260795054.315	   0.042	8049
59935.901255	2260795038.615	   0.040	8049
59935.901371	2260795017.515	   0.034	8049
59935.901487	2260794999.015	   0.043	8049
59935.901602	2260794980.815	   0.036	8049
59935.901718	2260794962.015	   0.036	8049
59935.901834	2260794945.915	   0.046	8049
59935.901950	2260794925.815	   0.040	8049
59935.902065	2260794908.015	   0.038	8049
59935.902181	2260794890.414	   0.042	8049
59935.902297	2260794873.014	   0.040	8049
59935.902413	2260794851.214	   0.038	8049
59935.902528	2260794836.514	   0.042	8049
59935.902644	2260794819.514	   0.045	8049
59935.902760	2260794798.414	   0.070	8049
59935.902876	2260794780.214	   0.064	8049
59935.902991	2260794762.614	   0.056	8049
59935.903107	2260794746.714	   0.069	8049
59935.903223	2260794726.614	   0.075	8049
59935.903339	2260794708.014	   0.066	8049
59935.903454	2260794690.613	   0.081	8049
59935.903570	2260794672.313	   0.071	8049
59935.903686	2260794654.513	   0.083	8049
59935.903802	2260794636.213	   0.074	8049
59935.903917	2260794620.613	   0.073	8049
59935.904033	2260794600.913	   0.067	8049
59935.904149	2260794583.613	   0.088	8049
59935.904265	2260794565.513	   0.081	8049
59935.904380	2260794547.113	   0.078	8049
59935.904496	2260794533.513	   0.082	8049
59935.904612	2260794512.513	   0.090	8049
59935.904727	2260794495.012	   0.076	8049
59935.904843	2260794475.912	   0.086	8049
59935.904959	2260794456.512	   0.113	8049
59935.905075	2260794435.012	   0.088	8049
59935.905191	2260794419.812	   0.110	8049
59935.905306	2260794402.312	   0.108	8049
59935.905422	2260794381.612	   0.111	8049
59935.905538	2260794365.512	   0.078	8049
59935.905653	2260794344.812	   0.091	8049
59935.905769	2260794326.112	   0.080	8049
59935.905885	2260794309.812	   0.127	8049
59935.906001	2260794290.211	   0.096	8049
59935.906116	2260794274.511	   0.100	8049
59935.906232	2260794253.411	   0.099	8049
59935.906348	2260794234.611	   0.087	8049
59935.906464	2260794218.711	   0.108	8049
59935.906579	2260794200.511	   0.106	8049
59935.906695	2260794182.211	   0.102	8049
59935.906811	2260794164.311	   0.123	8049
59935.906927	2260794146.511	   0.121	8049
59935.907042	2260794127.411	   0.102	8049
59935.907158	2260794108.511	   0.096	8049
59935.907274	2260794092.610	   0.115	8049
59935.907390	2260794074.910	   0.099	8049
59935.907505	2260794057.710	   0.096	8049
59935.907621	2260794041.310	   0.081	8049
59935.907737	2260794021.310	   0.099	8049
59935.907853	2260794004.910	   0.115	8049
59935.907968	2260793986.110	   0.078	8049
59935.908084	2260793968.110	   0.092	8049
59935.908200	2260793951.810	   0.081	8049
59935.908315	2260793934.310	   0.069	8049
59935.908431	2260793917.510	   0.071	8049
59935.908547	2260793902.110	   0.065	8049
59935.908663	2260793882.809	   0.075	8049
59935.908778	2260793867.609	   0.060	8049
59935.908894	2260793849.009	   0.059	8049
59935.909010	2260793831.409	   0.051	8049
59935.909126	2260793814.909	   0.048	8049
59935.909241	2260793801.309	   0.047	8049
59935.909357	2260793782.909	   0.038	8049
59935.909473	2260793766.009	   0.037	8049
59935.909589	2260793749.109	   0.033	8049
59935.909704	2260793734.209	   0.055	8049
59935.909820	2260793717.609	   0.049	8049
59935.909936	2260793700.009	   0.058	8049
59935.910052	2260793681.908	   0.051	8049
59935.910168	2260793668.008	   0.059	8049
59935.910283	2260793653.708	   0.045	8049
59935.910399	2260793635.008	   0.053	8049
59935.910515	2260793621.308	   0.057	8049
59935.910630	2260793603.308	   0.056	8049
59935.910746	2260793589.308	   0.064	8049
59935.910862	2260793571.808	   0.048	8049
59935.910977	2260793558.008	   0.049	8049
59935.911093	2260793541.908	   0.054	8049
59935.911209	2260793524.608	   0.019	8049
59935.911325	2260793505.608	   0.016	8049
59935.911440	2260793489.207	   0.019	8049
59935.911556	2260793470.807	   0.016	8049
59935.911672	2260793455.007	   0.017	8049
59935.911788	2260793437.607	   0.016	8049
59935.911903	2260793421.707	   0.017	8049
59935.912019	2260793408.307	   0.015	8049
59935.912135	2260793389.407	   0.016	8049
59935.912251	2260793373.007	   0.015	8049
59935.912366	2260793356.907	   0.016	8049
59935.912482	2260793337.607	   0.020	8049
59935.912598	2260793322.807	   0.028	8049
59935.912714	2260793309.007	   0.037	8049
59935.912829	2260793291.906	   0.033	8049
59935.912945	2260793276.006	   0.027	8049
59935.913061	2260793262.306	   0.034	8049
59935.913177	2260793244.706	   0.031	8049
59935.913292	2260793228.006	   0.031	8049
59935.913408	2260793214.606	   0.028	8049
59935.913524	2260793200.606	   0.033	8049
59935.913640	2260793183.606	   0.034	8049
59935.913755	2260793169.706	   0.031	8049
59935.913871	2260793155.406	   0.046	8049
59935.913987	2260793140.906	   0.036	8049
59935.914102	2260793125.806	   0.055	8049
59935.914218	2260793111.506	   0.038	8049
59935.914334	2260793098.805	   0.049	8049
59935.914450	2260793082.705	   0.056	8049
59935.914565	2260793070.105	   0.053	8049
59935.914681	2260793057.505	   0.056	8049
59935.914797	2260793042.305	   0.057	8049
59935.914913	2260793029.005	   0.055	8049
59935.915028	2260793014.905	   0.059	8049
59935.915144	2260793002.605	   0.086	8049
59935.915260	2260792987.105	   0.074	8049
59935.915376	2260792976.105	   0.074	8049
59935.915491	2260792961.305	   0.070	8049
59935.915607	2260792946.905	   0.082	8049
59935.915723	2260792932.305	   0.079	8049
59935.915839	2260792916.705	   0.088	8049
59935.915954	2260792903.105	   0.092	8049
59935.916070	2260792888.104	   0.089	8049
59935.916186	2260792874.904	   0.086	8049
59935.916302	2260792860.604	   0.111	8049
59935.916417	2260792846.304	   0.084	8049
59935.916533	2260792832.604	   0.103	8049
59935.916649	2260792818.104	   0.127	8049
59935.916764	2260792805.504	   0.157	8049
59935.916880	2260792792.604	   0.115	8049
59935.916996	2260792779.004	   0.127	8049
59935.917112	2260792766.504	   0.155	8049
59935.917227	2260792753.804	   0.138	8049
59935.917343	2260792741.704	   0.191	8049
59935.917459	2260792728.504	   0.139	8049
59935.917575	2260792717.204	   0.163	8049
59935.917690	2260792704.804	   0.158	8049
59935.917806	2260792693.103	   0.139	8049
59935.917922	2260792680.803	   0.193	8049
59935.918038	2260792670.003	   0.145	8049
59935.918153	2260792659.803	   0.118	8049
59935.918269	2260792650.103	   0.129	8049
59935.918385	2260792638.903	   0.138	8049
59935.918501	2260792627.903	   0.147	8049
59935.918616	2260792616.703	   0.152	8049
59935.918732	2260792607.003	   0.138	8049
59935.918848	2260792597.503	   0.123	8049
59935.918964	2260792586.603	   0.100	8049
59935.919079	2260792574.303	   0.142	8049
59935.919195	2260792563.203	   0.182	8049
59935.919311	2260792551.103	   0.127	8049
59935.919427	2260792538.103	   0.118	8049
59935.919542	2260792527.103	   0.116	8049
59935.919658	2260792516.103	   0.092	8049
59935.919774	2260792506.403	   0.091	8049
59935.919889	2260792495.702	   0.121	8049
59935.920005	2260792484.502	   0.101	8049
59935.920121	2260792475.002	   0.087	8049
59935.920237	2260792464.302	   0.094	8049
59935.920353	2260792455.502	   0.096	8049
59935.920468	2260792445.302	   0.086	8049
59935.920584	2260792437.402	   0.080	8049
59935.920700	2260792428.202	   0.088	8049
59935.920815	2260792420.802	   0.095	8049
59935.920931	2260792412.802	   0.092	8049
59935.921047	2260792405.102	   0.112	8049
59935.921163	2260792396.802	   0.128	8049
59935.921278	2260792389.902	   0.142	8049
59935.921394	2260792383.502	   0.233	8049
59935.921510	2260792376.402	   0.243	8049
59935.921626	2260792371.002	   0.200	8049
59935.921741	2260792365.002	   0.141	8049
59935.921857	2260792356.202	   0.099	8049
59935.921973	2260792347.102	   0.116	8049
59935.922089	2260792339.902	   0.084	8049
59935.922204	2260792331.002	   0.091	8049
59935.922320	2260792321.602	   0.128	8049
59935.922436	2260792315.202	   0.155	8049
59935.922552	2260792309.302	   0.168	8049
59935.922667	2260792302.002	   0.105	8049
59935.922783	2260792295.101	   0.173	8049
59935.922899	2260792290.101	   0.155	8049
59935.923015	2260792283.601	   0.156	8049
59935.923130	2260792277.801	   0.153	8049
59935.923246	2260792273.601	   0.185	8049
59935.923362	2260792268.301	   0.257	8049
59935.923478	2260792264.201	   0.236	8049
59935.923593	2260792261.101	   0.329	8049
59935.923709	2260792257.301	   0.190	8049
59935.923825	2260792255.001	   0.319	8049
59935.923940	2260792252.301	   0.341	8049
59935.924056	2260792250.401	   0.613	8049
59935.924172	2260792248.401	   0.797	8049
59935.924288	2260792244.201	   0.199	8049
59935.924403	2260792239.501	   0.206	8049
59935.924519	2260792234.701	   0.180	8049
59935.924635	2260792231.001	   0.205	8049
59935.924751	2260792226.901	   0.170	8049
59935.924866	2260792223.101	   0.280	8049
59935.924982	2260792220.801	   0.247	8049
59935.925098	2260792218.801	   0.367	8049
59935.925214	2260792216.701	   0.542	8049
59935.925329	2260792215.401	   0.657	8049
59935.925445	2260792214.501	   0.686	8049
59935.925561	2260792214.001	   1.067	8049
59935.925677	2260792214.401	   1.467	8049
59935.925792	2260792215.001	   1.271	8049
59935.925908	2260792215.801	   0.395	8049
59935.926024	2260792217.401	   0.316	8049
59935.926139	2260792220.101	   0.254	8049
59935.926255	2260792222.401	   0.140	8049
59935.926371	2260792225.601	   0.563	8049
59935.926487	2260792224.901	   0.446	8049
59935.926603	2260792224.301	   0.725	8049
59935.926718	2260792224.201	   0.325	8049
59935.926834	2260792225.001	   0.489	8049
59935.926950	2260792226.001	   0.133	8049
59935.927066	2260792228.001	   0.238	8049
59935.927181	2260792230.101	   0.122	8049
59935.927297	2260792233.701	   0.049	8049
59935.927413	2260792236.901	   0.057	8049
59935.927528	2260792240.701	   0.046	8049
59935.927644	2260792245.701	   0.041	8049
59935.927760	2260792250.901	   0.025	8049
59935.927876	2260792257.101	   0.020	8049
59935.927991	2260792263.101	   0.030	8049
59935.928107	2260792271.401	   0.019	8049
59935.928223	2260792277.801	   0.029	8049
59935.928339	2260792286.501	   0.058	8049
59935.928454	2260792290.101	   0.051	8049
59935.928570	2260792295.001	   0.057	8049
59935.928686	2260792300.202	   0.039	8049
59935.928802	2260792306.602	   0.040	8049
59935.928917	2260792313.002	   0.038	8049
59935.929033	2260792320.402	   0.035	8049
59935.929149	2260792326.702	   0.024	8049
59935.929264	2260792334.902	   0.022	8049
59935.929380	2260792344.802	   0.015	8049
59935.929496	2260792355.202	   0.014	8049
59935.929612	2260792365.602	   0.018	8049
59935.929727	2260792377.502	   0.015	8049
59935.929843	2260792389.002	   0.016	8049
59935.929959	2260792401.902	   0.014	8049
59935.930075	2260792415.502	   0.017	8049
59935.930191	2260792426.402	   0.021	8049
59935.930306	2260792435.502	   0.017	8049
59935.930422	2260792447.102	   0.019	8049
59935.930538	2260792459.202	   0.018	8049
59935.930653	2260792469.602	   0.015	8049
59935.930769	2260792482.702	   0.020	8049
59935.930885	2260792495.502	   0.017	8049
59935.931001	2260792511.903	   0.014	8049
59935.931116	2260792525.503	   0.016	8049
59935.931232	2260792541.703	   0.014	8049
59935.931348	2260792559.603	   0.010	8049
59935.931464	2260792575.403	   0.009	8049
59935.931579	2260792592.603	   0.009	8049
59935.931695	2260792611.203	   0.011	8049
59935.931811	2260792631.103	   0.007	8049
59935.932158	2260792676.703	   0.006	8049
