59938.819355	2260811517.588	   0.004	8049
59938.819471	2260811517.588	   0.009	8049
59938.819587	2260811516.988	   0.005	8049
59938.819702	2260811515.788	   0.006	8049
59938.819934	2260811511.388	   0.004	8049
59938.821091	2260811459.388	   0.003	8049
59938.821207	2260811455.188	   0.004	8049
59938.823522	2260811291.988	   0.006	8049
59938.823637	2260811281.488	   0.006	8049
59938.823753	2260811273.388	   0.005	8049
59938.823985	2260811253.488	   0.004	8049
59938.824100	2260811242.287	   0.005	8049
59938.824216	2260811231.087	   0.004	8049
59938.824448	2260811207.887	   0.004	8049
59938.824564	2260811196.987	   0.004	8049
59938.824795	2260811172.687	   0.003	8049
59938.826299	2260810990.587	   0.003	8049
59938.826647	2260810947.286	   0.003	8049
59938.826994	2260810901.986	   0.003	8049
59938.827110	2260810888.086	   0.003	8049
59938.827226	2260810872.286	   0.003	8049
59938.827341	2260810854.186	   0.005	8049
59938.827457	2260810838.686	   0.004	8049
59938.827573	2260810822.286	   0.006	8049
59938.827688	2260810803.786	   0.005	8049
59938.827804	2260810784.986	   0.005	8049
59938.827920	2260810766.986	   0.006	8049
59938.828036	2260810751.786	   0.004	8049
59938.828151	2260810732.886	   0.006	8049
59938.828267	2260810713.286	   0.007	8049
59938.828383	2260810693.886	   0.006	8049
59938.828499	2260810676.786	   0.006	8049
59938.828614	2260810660.086	   0.009	8049
59938.828730	2260810644.485	   0.007	8049
59938.828846	2260810627.485	   0.007	8049
59938.828962	2260810611.985	   0.008	8049
59938.829077	2260810595.785	   0.009	8049
59938.829309	2260810560.385	   0.004	8049
59938.829425	2260810544.685	   0.004	8049
59938.829540	2260810524.985	   0.005	8049
59938.829656	2260810505.485	   0.006	8049
59938.829772	2260810487.285	   0.007	8049
59938.829888	2260810472.785	   0.007	8049
59938.830003	2260810448.785	   0.006	8049
59938.830119	2260810433.285	   0.008	8049
59938.830235	2260810415.885	   0.010	8049
59938.830351	2260810395.385	   0.008	8049
59938.830466	2260810376.185	   0.009	8049
59938.830582	2260810355.785	   0.029	8049
59938.830698	2260810337.584	   0.024	8049
59938.830813	2260810316.884	   0.025	8049
59938.830929	2260810294.284	   0.022	8049
59938.831045	2260810275.484	   0.025	8049
59938.831161	2260810253.484	   0.026	8049
59938.831276	2260810231.884	   0.020	8049
59938.831392	2260810209.684	   0.024	8049
59938.831508	2260810192.984	   0.022	8049
59938.831624	2260810169.984	   0.026	8049
59938.831739	2260810148.584	   0.023	8049
59938.831855	2260810127.984	   0.026	8049
59938.831971	2260810107.984	   0.032	8049
59938.832087	2260810088.784	   0.033	8049
59938.832202	2260810068.684	   0.034	8049
59938.832318	2260810052.284	   0.030	8049
59938.832434	2260810028.683	   0.028	8049
59938.832550	2260810010.383	   0.038	8049
59938.832665	2260809989.083	   0.042	8049
59938.832781	2260809968.783	   0.048	8049
59938.832897	2260809947.983	   0.034	8049
59938.833012	2260809926.983	   0.042	8049
59938.833128	2260809907.283	   0.042	8049
59938.833244	2260809885.783	   0.039	8049
59938.833360	2260809864.683	   0.046	8049
59938.833475	2260809842.183	   0.047	8049
59938.833591	2260809821.683	   0.057	8049
59938.833707	2260809801.583	   0.044	8049
59938.833823	2260809774.983	   0.042	8049
59938.833939	2260809756.283	   0.054	8049
59938.834054	2260809731.582	   0.046	8049
59938.834170	2260809711.182	   0.050	8049
59938.834286	2260809686.482	   0.055	8049
59938.834401	2260809667.282	   0.047	8049
59938.834517	2260809645.982	   0.057	8049
59938.834633	2260809621.582	   0.052	8049
59938.834749	2260809597.082	   0.075	8049
59938.834864	2260809575.682	   0.072	8049
59938.834980	2260809548.482	   0.061	8049
59938.835096	2260809529.582	   0.075	8049
59938.835211	2260809504.182	   0.078	8049
59938.835327	2260809481.582	   0.101	8049
59938.835443	2260809457.882	   0.085	8049
59938.835559	2260809434.381	   0.091	8049
59938.835675	2260809408.581	   0.107	8049
59938.835790	2260809385.281	   0.098	8049
59938.835906	2260809365.181	   0.098	8049
59938.836022	2260809340.381	   0.106	8049
59938.836138	2260809322.181	   0.098	8049
59938.836253	2260809297.581	   0.103	8049
59938.836369	2260809276.381	   0.088	8049
59938.836485	2260809254.581	   0.075	8049
59938.836601	2260809229.281	   0.090	8049
59938.836716	2260809207.981	   0.081	8049
59938.836832	2260809183.481	   0.083	8049
59938.836948	2260809161.281	   0.081	8049
59938.837064	2260809140.080	   0.098	8049
59938.837179	2260809113.980	   0.079	8049
59938.837295	2260809089.880	   0.078	8049
59938.837411	2260809066.980	   0.073	8049
59938.837526	2260809042.680	   0.101	8049
59938.837642	2260809020.680	   0.165	8049
59938.837758	2260808997.880	   0.149	8049
59938.837874	2260808970.380	   0.155	8049
59938.837989	2260808947.180	   0.148	8049
59938.838105	2260808927.580	   0.147	8049
59938.838221	2260808900.080	   0.165	8049
59938.838337	2260808878.280	   0.195	8049
59938.838452	2260808852.480	   0.190	8049
59938.838568	2260808828.979	   0.176	8049
59938.838684	2260808803.179	   0.168	8049
59938.838800	2260808777.979	   0.179	8049
59938.838915	2260808754.079	   0.219	8049
59938.839031	2260808729.579	   0.160	8049
59938.839147	2260808704.779	   0.181	8049
59938.839262	2260808680.179	   0.185	8049
59938.839378	2260808654.979	   0.163	8049
59938.839494	2260808630.079	   0.204	8049
59938.839610	2260808604.179	   0.165	8049
59938.839726	2260808577.679	   0.153	8049
59938.839841	2260808550.779	   0.166	8049
59938.839957	2260808527.478	   0.168	8049
59938.840073	2260808500.878	   0.170	8049
59938.840188	2260808476.178	   0.205	8049
59938.840304	2260808450.578	   0.169	8049
59938.840420	2260808427.378	   0.277	8049
59938.840536	2260808399.578	   0.365	8049
59938.840651	2260808373.378	   0.353	8049
59938.840767	2260808351.678	   0.298	8049
59938.840883	2260808327.178	   0.369	8049
59938.840999	2260808300.978	   0.335	8049
59938.841114	2260808279.178	   0.317	8049
59938.841230	2260808252.278	   0.344	8049
59938.841346	2260808228.077	   0.302	8049
59938.841462	2260808202.877	   0.323	8049
59938.841577	2260808179.677	   0.342	8049
59938.841693	2260808155.877	   0.327	8049
59938.841809	2260808130.677	   0.322	8049
59938.841925	2260808103.577	   0.309	8049
59938.842040	2260808078.377	   0.353	8049
59938.842156	2260808055.477	   0.333	8049
59938.842272	2260808028.577	   0.334	8049
59938.842387	2260808004.077	   0.315	8049
59938.842503	2260807979.077	   0.314	8049
59938.842619	2260807953.077	   0.332	8049
59938.842735	2260807927.576	   0.333	8049
59938.842851	2260807902.676	   0.332	8049
59938.842966	2260807874.576	   0.390	8049
59938.843082	2260807852.276	   0.362	8049
59938.843198	2260807824.676	   0.431	8049
59938.843313	2260807800.276	   0.413	8049
59938.843429	2260807770.876	   0.389	8049
59938.843545	2260807747.076	   0.444	8049
59938.843661	2260807720.876	   0.420	8049
59938.843776	2260807693.476	   0.384	8049
59938.843892	2260807669.176	   0.350	8049
59938.844008	2260807643.775	   0.462	8049
59938.844124	2260807618.475	   0.427	8049
59938.844239	2260807591.675	   0.410	8049
59938.844355	2260807566.375	   0.420	8049
59938.844471	2260807538.675	   0.431	8049
59938.844587	2260807512.175	   0.282	8049
59938.844702	2260807487.075	   0.277	8049
59938.844818	2260807459.175	   0.361	8049
59938.844934	2260807431.375	   0.280	8049
59938.845050	2260807403.675	   0.313	8049
59938.845165	2260807378.475	   0.324	8049
59938.845281	2260807354.675	   0.335	8049
59938.845397	2260807326.174	   0.375	8049
59938.845512	2260807298.974	   0.452	8049
59938.845628	2260807270.574	   0.402	8049
59938.845744	2260807244.074	   0.434	8049
59938.845860	2260807215.474	   0.407	8049
59938.845976	2260807190.474	   0.521	8049
59938.846091	2260807163.474	   0.520	8049
59938.846207	2260807137.974	   0.539	8049
59938.846323	2260807109.974	   0.607	8049
59938.846438	2260807083.074	   0.571	8049
59938.846554	2260807052.574	   0.561	8049
59938.846670	2260807027.273	   0.604	8049
59938.846786	2260807001.573	   0.702	8049
59938.846901	2260806977.673	   0.630	8049
59938.847017	2260806950.873	   0.719	8049
59938.847133	2260806926.273	   0.538	8049
59938.847249	2260806897.073	   0.769	8049
59938.847364	2260806870.073	   0.561	8049
59938.847480	2260806846.573	   0.679	8049
59938.847596	2260806820.873	   0.558	8049
59938.847711	2260806792.873	   0.791	8049
59938.847827	2260806766.073	   0.685	8049
59938.847943	2260806740.372	   0.619	8049
59938.848059	2260806711.772	   0.639	8049
59938.848175	2260806686.772	   0.646	8049
59938.848290	2260806661.872	   0.757	8049
59938.848406	2260806634.872	   0.696	8049
59938.848522	2260806606.272	   0.758	8049
59938.848638	2260806581.072	   0.721	8049
59938.848753	2260806555.872	   0.669	8049
59938.848869	2260806526.872	   0.683	8049
59938.848985	2260806501.472	   0.594	8049
59938.849100	2260806471.472	   0.600	8049
59938.849216	2260806449.071	   0.598	8049
59938.849332	2260806420.571	   0.584	8049
59938.849448	2260806394.271	   0.599	8049
59938.849564	2260806364.271	   0.634	8049
59938.849679	2260806340.071	   0.730	8049
59938.849795	2260806312.971	   0.607	8049
59938.849911	2260806285.771	   0.544	8049
59938.850026	2260806260.471	   0.694	8049
59938.850142	2260806232.171	   0.580	8049
59938.850258	2260806205.471	   0.538	8049
59938.850374	2260806175.971	   0.552	8049
59938.850489	2260806149.871	   0.590	8049
59938.850605	2260806124.970	   0.522	8049
59938.850721	2260806093.570	   0.524	8049
59938.850837	2260806068.870	   0.526	8049
59938.850952	2260806041.670	   0.546	8049
59938.851068	2260806013.970	   0.537	8049
59938.851184	2260805985.970	   0.505	8049
59938.851300	2260805959.870	   0.480	8049
59938.851415	2260805928.570	   0.439	8049
59938.851531	2260805901.770	   0.418	8049
59938.851647	2260805873.270	   0.297	8049
59938.851763	2260805846.369	   0.246	8049
59938.851878	2260805820.369	   0.308	8049
59938.851994	2260805793.569	   0.266	8049
59938.852110	2260805764.469	   0.248	8049
59938.852226	2260805740.469	   0.256	8049
59938.852341	2260805709.869	   0.243	8049
59938.852457	2260805681.669	   0.288	8049
59938.852573	2260805655.869	   0.287	8049
59938.852688	2260805626.269	   0.241	8049
59938.852804	2260805600.869	   0.225	8049
59938.852920	2260805569.369	   0.211	8049
59938.853036	2260805543.468	   0.361	8049
59938.853152	2260805515.468	   0.342	8049
59938.853267	2260805486.668	   0.376	8049
59938.853383	2260805456.768	   0.288	8049
59938.853499	2260805428.968	   0.269	8049
59938.853614	2260805403.268	   0.263	8049
59938.853730	2260805376.468	   0.239	8049
59938.853846	2260805349.468	   0.247	8049
59938.853962	2260805318.868	   0.311	8049
59938.854077	2260805287.868	   0.202	8049
59938.854193	2260805261.868	   0.250	8049
59938.854309	2260805234.167	   0.230	8049
59938.854425	2260805205.067	   0.249	8049
59938.854540	2260805177.267	   0.204	8049
59938.854656	2260805151.667	   0.210	8049
59938.854772	2260805122.467	   0.236	8049
59938.854888	2260805091.967	   0.204	8049
59938.855003	2260805065.467	   0.234	8049
59938.855119	2260805036.367	   0.214	8049
59938.855235	2260805010.967	   0.200	8049
59938.855351	2260804984.067	   0.206	8049
59938.855466	2260804956.567	   0.218	8049
59938.855582	2260804928.766	   0.208	8049
59938.855698	2260804900.166	   0.201	8049
59938.855814	2260804873.866	   0.328	8049
59938.855929	2260804847.066	   0.312	8049
59938.856045	2260804818.166	   0.357	8049
59938.856161	2260804792.366	   0.301	8049
59938.856276	2260804762.666	   0.278	8049
59938.856392	2260804738.066	   0.327	8049
59938.856508	2260804709.766	   0.353	8049
59938.856624	2260804683.766	   0.321	8049
59938.856739	2260804652.966	   0.357	8049
59938.856855	2260804628.565	   0.304	8049
59938.856971	2260804599.165	   0.325	8049
59938.857086	2260804571.165	   0.337	8049
59938.857202	2260804541.365	   0.418	8049
59938.857318	2260804513.865	   0.369	8049
59938.857434	2260804487.365	   0.300	8049
59938.857549	2260804460.465	   0.347	8049
59938.857666	2260804433.365	   0.297	8049
59938.857781	2260804401.865	   0.308	8049
59938.857897	2260804374.165	   0.286	8049
59938.858012	2260804347.264	   0.355	8049
59938.858128	2260804320.364	   0.425	8049
59938.858244	2260804291.364	   0.322	8049
59938.858360	2260804263.764	   0.384	8049
59938.858476	2260804237.464	   0.398	8049
59938.858591	2260804208.564	   0.392	8049
59938.858707	2260804180.264	   0.432	8049
59938.858823	2260804152.364	   0.411	8049
59938.858938	2260804126.764	   0.468	8049
59938.859054	2260804095.364	   0.455	8049
59938.859170	2260804067.364	   0.466	8049
59938.859286	2260804042.763	   0.414	8049
59938.859401	2260804012.663	   0.499	8049
59938.859517	2260803982.163	   0.400	8049
59938.859633	2260803956.463	   0.412	8049
59938.859749	2260803926.763	   0.435	8049
59938.859864	2260803898.763	   0.427	8049
59938.859980	2260803871.963	   0.477	8049
59938.860096	2260803839.863	   0.383	8049
59938.860212	2260803814.263	   0.377	8049
59938.860327	2260803784.063	   0.359	8049
59938.860443	2260803757.763	   0.420	8049
59938.860559	2260803731.662	   0.450	8049
59938.860675	2260803702.762	   0.345	8049
59938.860790	2260803674.462	   0.310	8049
59938.860906	2260803643.162	   0.337	8049
59938.861022	2260803616.262	   0.404	8049
59938.861138	2260803589.162	   0.342	8049
59938.861253	2260803559.762	   0.277	8049
59938.861369	2260803532.262	   0.312	8049
59938.861485	2260803502.762	   0.247	8049
59938.861601	2260803474.662	   0.241	8049
59938.861716	2260803444.561	   0.220	8049
59938.861832	2260803417.161	   0.193	8049
59938.861948	2260803388.361	   0.197	8049
59938.862063	2260803361.961	   0.204	8049
59938.862179	2260803334.861	   0.204	8049
59938.862295	2260803301.361	   0.192	8049
59938.862411	2260803276.061	   0.184	8049
59938.862526	2260803247.461	   0.176	8049
59938.862642	2260803216.961	   0.214	8049
59938.862758	2260803187.761	   0.171	8049
59938.862874	2260803160.361	   0.241	8049
59938.862989	2260803131.060	   0.245	8049
59938.863105	2260803101.160	   0.271	8049
59938.863221	2260803073.960	   0.224	8049
59938.863336	2260803044.960	   0.205	8049
59938.863452	2260803016.260	   0.207	8049
59938.863568	2260802988.160	   0.223	8049
59938.863684	2260802959.760	   0.210	8049
59938.863800	2260802928.660	   0.186	8049
59938.863915	2260802902.960	   0.211	8049
59938.864031	2260802874.060	   0.185	8049
59938.864147	2260802845.459	   0.183	8049
59938.864262	2260802812.959	   0.150	8049
59938.864378	2260802787.259	   0.164	8049
59938.864494	2260802755.659	   0.136	8049
59938.864610	2260802727.759	   0.169	8049
59938.864726	2260802699.759	   0.155	8049
59938.864841	2260802669.059	   0.179	8049
59938.864957	2260802642.259	   0.166	8049
59938.865073	2260802614.959	   0.167	8049
59938.865188	2260802585.659	   0.151	8049
59938.865304	2260802555.459	   0.143	8049
59938.865420	2260802526.558	   0.180	8049
59938.865536	2260802496.758	   0.182	8049
59938.865651	2260802465.558	   0.165	8049
59938.865767	2260802440.658	   0.167	8049
59938.865883	2260802409.358	   0.161	8049
59938.865999	2260802379.758	   0.169	8049
59938.866114	2260802352.258	   0.148	8049
59938.866230	2260802324.158	   0.154	8049
59938.866346	2260802293.458	   0.149	8049
59938.866462	2260802264.558	   0.131	8049
59938.866577	2260802239.257	   0.143	8049
59938.866693	2260802211.657	   0.132	8049
59938.866809	2260802183.457	   0.161	8049
59938.866924	2260802156.157	   0.134	8049
59938.867040	2260802126.257	   0.141	8049
59938.867156	2260802097.357	   0.128	8049
59938.867272	2260802069.357	   0.123	8049
59938.867387	2260802040.057	   0.120	8049
59938.867503	2260802012.757	   0.134	8049
59938.867619	2260801981.657	   0.140	8049
59938.867735	2260801953.957	   0.126	8049
59938.867850	2260801924.356	   0.138	8049
59938.867966	2260801895.256	   0.120	8049
59938.868082	2260801868.656	   0.109	8049
59938.868198	2260801841.556	   0.110	8049
59938.868313	2260801813.556	   0.112	8049
59938.868429	2260801782.756	   0.144	8049
59938.868545	2260801753.956	   0.163	8049
59938.868661	2260801729.456	   0.136	8049
59938.868776	2260801699.756	   0.127	8049
59938.868892	2260801669.356	   0.139	8049
59938.869008	2260801638.155	   0.147	8049
59938.869124	2260801612.355	   0.140	8049
59938.869239	2260801582.055	   0.131	8049
59938.869355	2260801553.255	   0.147	8049
59938.869471	2260801524.955	   0.105	8049
59938.869586	2260801495.455	   0.117	8049
59938.869702	2260801469.555	   0.119	8049
59938.869818	2260801438.355	   0.077	8049
59938.869934	2260801411.555	   0.074	8049
59938.870050	2260801380.455	   0.065	8049
59938.870165	2260801352.655	   0.059	8049
59938.870281	2260801325.954	   0.066	8049
59938.870397	2260801293.354	   0.055	8049
59938.870512	2260801269.354	   0.069	8049
59938.870628	2260801237.554	   0.054	8049
59938.870744	2260801210.854	   0.051	8049
59938.870860	2260801178.754	   0.054	8049
59938.870976	2260801150.554	   0.043	8049
59938.871091	2260801122.454	   0.046	8049
59938.871207	2260801094.254	   0.070	8049
59938.871323	2260801063.754	   0.076	8049
59938.871439	2260801034.653	   0.078	8049
59938.871554	2260801004.753	   0.075	8049
59938.871670	2260800978.753	   0.068	8049
59938.871786	2260800949.153	   0.077	8049
59938.871901	2260800921.353	   0.084	8049
59938.872017	2260800891.153	   0.074	8049
59938.872133	2260800862.353	   0.068	8049
59938.872249	2260800832.653	   0.072	8049
59938.872364	2260800800.253	   0.078	8049
59938.872480	2260800771.353	   0.063	8049
59938.872596	2260800747.252	   0.067	8049
59938.872711	2260800716.352	   0.069	8049
59938.872827	2260800686.352	   0.070	8049
59938.872943	2260800659.052	   0.054	8049
59938.873059	2260800628.352	   0.058	8049
59938.873174	2260800599.552	   0.084	8049
59938.873290	2260800571.652	   0.071	8049
59938.873406	2260800541.252	   0.060	8049
59938.873522	2260800511.652	   0.075	8049
59938.873637	2260800483.152	   0.101	8049
59938.873753	2260800454.452	   0.087	8049
59938.873869	2260800426.251	   0.104	8049
59938.873985	2260800394.951	   0.108	8049
59938.874101	2260800365.451	   0.058	8049
59938.874216	2260800335.851	   0.070	8049
59938.874332	2260800306.851	   0.060	8049
59938.874448	2260800279.751	   0.082	8049
59938.874563	2260800249.251	   0.074	8049
59938.874679	2260800219.451	   0.070	8049
59938.874795	2260800188.951	   0.082	8049
59938.874911	2260800162.051	   0.108	8049
59938.875026	2260800133.850	   0.074	8049
59938.875142	2260800101.250	   0.092	8049
59938.875258	2260800073.250	   0.086	8049
59938.875374	2260800042.750	   0.098	8049
59938.875489	2260800014.350	   0.113	8049
59938.875605	2260799986.150	   0.120	8049
59938.875721	2260799953.950	   0.119	8049
59938.875837	2260799925.550	   0.120	8049
59938.875952	2260799895.350	   0.121	8049
59938.876068	2260799867.050	   0.118	8049
59938.876184	2260799839.449	   0.106	8049
59938.876300	2260799807.449	   0.115	8049
59938.876416	2260799776.449	   0.101	8049
59938.876531	2260799750.549	   0.121	8049
59938.876647	2260799721.649	   0.124	8049
59938.876763	2260799689.349	   0.134	8049
59938.876878	2260799660.149	   0.118	8049
59938.876994	2260799631.349	   0.098	8049
59938.877110	2260799600.749	   0.118	8049
59938.877225	2260799571.149	   0.120	8049
59938.877341	2260799539.148	   0.104	8049
59938.877457	2260799513.548	   0.132	8049
59938.877573	2260799481.248	   0.123	8049
59938.877688	2260799456.048	   0.122	8049
59938.877804	2260799426.148	   0.103	8049
59938.877920	2260799395.448	   0.100	8049
59938.878036	2260799365.648	   0.118	8049
59938.878152	2260799335.448	   0.107	8049
59938.878267	2260799305.948	   0.119	8049
59938.878383	2260799277.148	   0.114	8049
59938.878499	2260799248.047	   0.100	8049
59938.878615	2260799217.047	   0.113	8049
59938.878730	2260799188.147	   0.083	8049
59938.878846	2260799156.747	   0.087	8049
59938.878962	2260799128.347	   0.087	8049
59938.879077	2260799097.547	   0.068	8049
59938.879193	2260799067.047	   0.075	8049
59938.879309	2260799040.647	   0.094	8049
59938.879425	2260799010.647	   0.071	8049
59938.879540	2260798982.747	   0.075	8049
59938.879656	2260798951.847	   0.079	8049
59938.879772	2260798924.946	   0.062	8049
59938.879888	2260798892.146	   0.070	8049
59938.880003	2260798865.746	   0.069	8049
59938.880119	2260798833.646	   0.058	8049
59938.880235	2260798804.146	   0.064	8049
59938.880350	2260798774.046	   0.071	8049
59938.880466	2260798747.546	   0.081	8049
59938.880582	2260798715.346	   0.082	8049
59938.880698	2260798686.246	   0.071	8049
59938.880813	2260798655.946	   0.079	8049
59938.880929	2260798631.645	   0.077	8049
59938.881045	2260798597.845	   0.091	8049
59938.881161	2260798569.745	   0.091	8049
59938.881276	2260798540.745	   0.075	8049
59938.881392	2260798512.345	   0.081	8049
59938.881508	2260798483.745	   0.095	8049
59938.881624	2260798451.845	   0.086	8049
59938.881739	2260798422.045	   0.073	8049
59938.881855	2260798395.445	   0.092	8049
59938.881971	2260798363.445	   0.079	8049
59938.882087	2260798338.444	   0.082	8049
59938.882202	2260798304.844	   0.081	8049
59938.882318	2260798274.344	   0.079	8049
59938.882434	2260798248.444	   0.130	8049
59938.882550	2260798216.844	   0.126	8049
59938.882665	2260798183.744	   0.123	8049
59938.882781	2260798159.744	   0.134	8049
59938.882897	2260798132.344	   0.123	8049
59938.883013	2260798098.844	   0.134	8049
59938.883128	2260798067.844	   0.128	8049
59938.883244	2260798037.943	   0.106	8049
59938.883360	2260798012.343	   0.131	8049
59938.883476	2260797979.143	   0.128	8049
59938.883591	2260797950.443	   0.153	8049
59938.883707	2260797918.843	   0.143	8049
59938.883823	2260797893.643	   0.128	8049
59938.883938	2260797860.343	   0.100	8049
59938.884054	2260797833.343	   0.096	8049
59938.884170	2260797802.743	   0.088	8049
59938.884286	2260797776.343	   0.104	8049
59938.884401	2260797746.942	   0.092	8049
59938.884517	2260797714.442	   0.093	8049
59938.884633	2260797684.642	   0.094	8049
59938.884749	2260797653.442	   0.083	8049
59938.884864	2260797627.042	   0.092	8049
59938.884980	2260797595.842	   0.107	8049
59938.885096	2260797569.442	   0.087	8049
59938.885212	2260797535.642	   0.102	8049
59938.885327	2260797506.442	   0.152	8049
59938.885443	2260797476.742	   0.128	8049
59938.885559	2260797448.441	   0.112	8049
59938.885675	2260797419.941	   0.133	8049
59938.885790	2260797388.541	   0.126	8049
59938.885906	2260797360.241	   0.132	8049
59938.886022	2260797328.741	   0.125	8049
59938.886138	2260797299.441	   0.118	8049
59938.886253	2260797272.841	   0.117	8049
59938.886369	2260797239.741	   0.111	8049
59938.886485	2260797213.241	   0.109	8049
59938.886601	2260797179.541	   0.101	8049
59938.886716	2260797149.040	   0.108	8049
59938.886832	2260797119.340	   0.077	8049
59938.886948	2260797089.640	   0.090	8049
59938.887064	2260797062.540	   0.108	8049
59938.887179	2260797031.140	   0.097	8049
59938.887295	2260797003.940	   0.084	8049
59938.887411	2260796972.640	   0.073	8049
59938.887527	2260796940.740	   0.083	8049
59938.887642	2260796913.040	   0.087	8049
59938.887758	2260796882.940	   0.078	8049
59938.887874	2260796853.340	   0.085	8049
59938.887989	2260796823.639	   0.079	8049
59938.888105	2260796795.239	   0.079	8049
59938.888221	2260796760.539	   0.079	8049
59938.888337	2260796737.539	   0.075	8049
59938.888453	2260796703.239	   0.070	8049
59938.888568	2260796672.539	   0.078	8049
59938.888684	2260796644.739	   0.066	8049
59938.888800	2260796616.939	   0.068	8049
59938.888916	2260796583.539	   0.065	8049
59938.889031	2260796558.139	   0.055	8049
59938.889147	2260796526.038	   0.062	8049
59938.889263	2260796497.238	   0.074	8049
59938.889378	2260796463.338	   0.085	8049
59938.889494	2260796437.238	   0.071	8049
59938.889610	2260796406.538	   0.049	8049
59938.889726	2260796376.338	   0.059	8049
59938.889841	2260796345.038	   0.052	8049
59938.889957	2260796316.038	   0.046	8049
59938.890073	2260796289.738	   0.043	8049
59938.890188	2260796257.638	   0.046	8049
59938.890304	2260796229.237	   0.043	8049
59938.890420	2260796196.937	   0.036	8049
59938.890536	2260796167.037	   0.036	8049
59938.890651	2260796134.137	   0.026	8049
59938.890767	2260796107.237	   0.039	8049
59938.890883	2260796075.637	   0.030	8049
59938.890999	2260796045.337	   0.027	8049
59938.891114	2260796015.737	   0.029	8049
59938.891230	2260795985.037	   0.025	8049
59938.891346	2260795957.337	   0.028	8049
59938.891462	2260795926.736	   0.026	8049
59938.891577	2260795898.036	   0.028	8049
59938.891693	2260795870.936	   0.023	8049
59938.891809	2260795841.436	   0.023	8049
59938.891925	2260795806.236	   0.020	8049
59938.892040	2260795779.136	   0.022	8049
59938.892156	2260795747.136	   0.022	8049
59938.892272	2260795722.536	   0.020	8049
59938.892388	2260795689.936	   0.020	8049
59938.892503	2260795659.036	   0.029	8049
59938.892619	2260795628.535	   0.018	8049
59938.892735	2260795600.135	   0.020	8049
59938.892850	2260795571.835	   0.015	8049
59938.892966	2260795539.935	   0.018	8049
59938.893082	2260795508.735	   0.017	8049
59938.893198	2260795479.535	   0.017	8049
59938.893313	2260795453.535	   0.016	8049
59938.893429	2260795421.335	   0.012	8049
59938.893545	2260795392.735	   0.013	8049
59938.893661	2260795364.435	   0.011	8049
59938.893777	2260795334.134	   0.010	8049
59938.893892	2260795299.334	   0.012	8049
59938.894008	2260795275.834	   0.010	8049
59938.894124	2260795241.134	   0.012	8049
59938.894240	2260795211.734	   0.011	8049
59938.894355	2260795182.834	   0.012	8049
59938.894471	2260795151.434	   0.013	8049
59938.894587	2260795122.534	   0.012	8049
59938.894703	2260795096.134	   0.014	8049
59938.894818	2260795066.634	   0.024	8049
59938.894934	2260795032.333	   0.014	8049
59938.895050	2260795005.233	   0.023	8049
59938.895166	2260794975.633	   0.029	8049
59938.895281	2260794944.333	   0.031	8049
59938.895397	2260794916.833	   0.031	8049
59938.895513	2260794884.433	   0.025	8049
59938.895628	2260794858.633	   0.028	8049
59938.895744	2260794827.333	   0.027	8049
59938.895860	2260794798.433	   0.031	8049
59938.895976	2260794769.733	   0.031	8049
59938.896092	2260794739.732	   0.026	8049
59938.896207	2260794712.432	   0.026	8049
59938.896323	2260794683.332	   0.027	8049
59938.896438	2260794650.232	   0.028	8049
59938.896554	2260794622.732	   0.022	8049
59938.896670	2260794592.232	   0.021	8049
59938.896786	2260794562.132	   0.021	8049
59938.896902	2260794533.032	   0.018	8049
59938.897017	2260794505.332	   0.018	8049
59938.897133	2260794473.932	   0.016	8049
59938.897249	2260794447.131	   0.013	8049
59938.897364	2260794417.731	   0.014	8049
59938.897480	2260794390.531	   0.012	8049
59938.897596	2260794358.331	   0.014	8049
59938.897712	2260794327.331	   0.013	8049
59938.897828	2260794298.631	   0.011	8049
59938.897943	2260794266.131	   0.026	8049
59938.898059	2260794243.131	   0.025	8049
59938.898175	2260794212.431	   0.024	8049
59938.898290	2260794182.231	   0.022	8049
59938.898406	2260794153.531	   0.032	8049
59938.898522	2260794123.230	   0.024	8049
59938.898638	2260794098.730	   0.026	8049
59938.898753	2260794066.230	   0.030	8049
59938.898869	2260794040.730	   0.026	8049
59938.898985	2260794009.430	   0.025	8049
59938.899101	2260793982.530	   0.026	8049
59938.899216	2260793952.630	   0.027	8049
59938.899332	2260793921.430	   0.004	8049
59938.899448	2260793889.030	   0.007	8049
59938.899564	2260793865.530	   0.006	8049
59938.899679	2260793836.629	   0.010	8049
59938.899795	2260793805.929	   0.014	8049
59938.899911	2260793779.229	   0.014	8049
59938.900027	2260793748.129	   0.020	8049
59938.900142	2260793720.829	   0.015	8049
59938.900258	2260793688.729	   0.017	8049
59938.900374	2260793662.029	   0.017	8049
59938.900489	2260793631.729	   0.029	8049
59938.900605	2260793602.929	   0.034	8049
59938.900721	2260793575.529	   0.032	8049
59938.900837	2260793543.428	   0.037	8049
59938.900952	2260793512.928	   0.030	8049
59938.901068	2260793481.528	   0.028	8049
59938.901184	2260793455.728	   0.032	8049
59938.901300	2260793427.428	   0.035	8049
59938.901416	2260793396.828	   0.024	8049
59938.901531	2260793369.928	   0.031	8049
59938.901647	2260793340.628	   0.035	8049
59938.901763	2260793311.028	   0.032	8049
59938.901878	2260793280.328	   0.031	8049
59938.901994	2260793253.428	   0.030	8049
59938.902110	2260793221.927	   0.077	8049
59938.902225	2260793192.427	   0.094	8049
59938.902341	2260793163.727	   0.090	8049
59938.902457	2260793134.627	   0.086	8049
59938.902573	2260793105.527	   0.095	8049
59938.902689	2260793081.027	   0.091	8049
59938.902805	2260793048.727	   0.095	8049
59938.902920	2260793018.827	   0.106	8049
59938.903036	2260792991.727	   0.108	8049
59938.903152	2260792962.927	   0.113	8049
59938.903267	2260792932.826	   0.106	8049
59938.903383	2260792903.326	   0.098	8049
59938.903499	2260792876.626	   0.092	8049
59938.903615	2260792848.026	   0.103	8049
59938.903730	2260792817.626	   0.091	8049
59938.903846	2260792790.626	   0.112	8049
59938.903962	2260792764.326	   0.097	8049
59938.904077	2260792735.126	   0.139	8049
59938.904193	2260792706.426	   0.145	8049
59938.904309	2260792677.226	   0.127	8049
59938.904425	2260792652.526	   0.155	8049
59938.904540	2260792623.625	   0.129	8049
59938.904656	2260792594.225	   0.147	8049
59938.904772	2260792565.125	   0.127	8049
59938.904888	2260792541.525	   0.129	8049
59938.905004	2260792511.525	   0.151	8049
59938.905119	2260792485.125	   0.138	8049
59938.905235	2260792458.225	   0.121	8049
59938.905351	2260792429.925	   0.151	8049
59938.905466	2260792403.425	   0.164	8049
59938.905582	2260792374.625	   0.145	8049
59938.905698	2260792346.824	   0.139	8049
59938.905813	2260792320.224	   0.151	8049
59938.905929	2260792292.724	   0.134	8049
59938.906045	2260792266.724	   0.139	8049
59938.906161	2260792239.124	   0.140	8049
59938.906276	2260792213.324	   0.247	8049
59938.906392	2260792188.524	   0.203	8049
59938.906508	2260792158.124	   0.223	8049
59938.906624	2260792132.724	   0.207	8049
59938.906740	2260792099.524	   0.181	8049
59938.906855	2260792072.524	   0.205	8049
59938.906971	2260792046.423	   0.171	8049
59938.907087	2260792017.523	   0.191	8049
59938.907202	2260791992.823	   0.199	8049
59938.907318	2260791963.123	   0.190	8049
59938.907434	2260791934.723	   0.201	8049
59938.907550	2260791907.723	   0.187	8049
59938.907665	2260791881.223	   0.219	8049
59938.907781	2260791851.523	   0.175	8049
59938.907897	2260791826.323	   0.190	8049
59938.908013	2260791799.623	   0.185	8049
59938.908129	2260791771.923	   0.163	8049
59938.908244	2260791744.922	   0.218	8049
59938.908360	2260791720.222	   0.161	8049
59938.908476	2260791691.322	   0.171	8049
59938.908591	2260791666.522	   0.160	8049
59938.908707	2260791637.122	   0.196	8049
59938.908823	2260791611.522	   0.166	8049
59938.908939	2260791584.422	   0.179	8049
59938.909054	2260791558.922	   0.182	8049
59938.909170	2260791535.222	   0.230	8049
59938.909286	2260791509.822	   0.272	8049
59938.909402	2260791482.522	   0.235	8049
59938.909517	2260791456.322	   0.235	8049
59938.909633	2260791432.321	   0.209	8049
59938.909749	2260791408.121	   0.266	8049
59938.909864	2260791384.321	   0.283	8049
59938.909980	2260791356.121	   0.250	8049
59938.910096	2260791330.621	   0.287	8049
59938.910212	2260791307.921	   0.293	8049
59938.910328	2260791283.021	   0.297	8049
59938.910443	2260791261.021	   0.280	8049
59938.910559	2260791234.621	   0.407	8049
59938.910675	2260791211.721	   0.398	8049
59938.910790	2260791183.321	   0.316	8049
59938.910906	2260791160.321	   0.336	8049
59938.911022	2260791135.120	   0.316	8049
59938.911137	2260791105.820	   0.388	8049
59938.911253	2260791080.020	   0.378	8049
59938.911369	2260791056.720	   0.353	8049
59938.911485	2260791027.520	   0.377	8049
59938.911600	2260791005.320	   0.336	8049
59938.911716	2260790980.120	   0.466	8049
59938.911832	2260790954.520	   0.428	8049
59938.911948	2260790931.120	   0.220	8049
59938.912063	2260790907.420	   0.513	8049
59938.912179	2260790881.820	   0.475	8049
59938.912295	2260790857.920	   0.423	8049
59938.912411	2260790831.319	   0.447	8049
59938.912526	2260790808.219	   0.438	8049
59938.912642	2260790786.319	   0.490	8049
59938.912758	2260790764.219	   0.702	8049
59938.912874	2260790739.519	   0.460	8049
59938.912989	2260790717.719	   0.573	8049
59938.913105	2260790696.519	   0.497	8049
59938.913221	2260790671.819	   0.483	8049
59938.913337	2260790650.319	   0.636	8049
59938.913452	2260790629.219	   0.592	8049
59938.913568	2260790606.419	   0.630	8049
59938.913684	2260790587.019	   0.674	8049
59938.913800	2260790565.619	   0.646	8049
59938.913915	2260790543.218	   0.766	8049
59938.914031	2260790523.418	   0.518	8049
59938.914147	2260790497.318	   0.569	8049
59938.914263	2260790476.518	   0.545	8049
59938.914378	2260790449.518	   0.525	8049
59938.914494	2260790426.718	   0.522	8049
59938.914610	2260790407.318	   0.545	8049
59938.914725	2260790383.918	   0.350	8049
59938.914841	2260790360.018	   0.361	8049
59938.914957	2260790341.418	   0.378	8049
59938.915073	2260790317.318	   0.426	8049
59938.915189	2260790296.818	   0.419	8049
59938.915304	2260790276.718	   0.393	8049
59938.915420	2260790254.818	   0.479	8049
59938.915536	2260790233.217	   0.551	8049
59938.915651	2260790212.117	   0.491	8049
59938.915767	2260790193.917	   0.604	8049
59938.915883	2260790172.617	   0.549	8049
59938.915999	2260790155.917	   0.780	8049
59938.916115	2260790134.117	   0.964	8049
59938.916230	2260790117.917	   0.894	8049
59938.916346	2260790098.717	   0.996	8049
59938.916462	2260790081.317	   0.890	8049
59938.916577	2260790062.717	   1.391	8049
59938.916693	2260790044.817	   0.931	8049
59938.916809	2260790028.517	   1.290	8049
59938.916925	2260790008.017	   0.878	8049
59938.917040	2260789989.517	   0.947	8049
59938.917156	2260789969.117	   0.879	8049
59938.917272	2260789950.116	   0.789	8049
59938.917388	2260789928.616	   0.889	8049
59938.917503	2260789912.016	   0.778	8049
59938.917619	2260789892.616	   0.684	8049
59938.917735	2260789874.316	   0.634	8049
59938.917851	2260789857.316	   0.722	8049
59938.917966	2260789841.616	   0.716	8049
59938.918082	2260789823.316	   0.752	8049
59938.918198	2260789806.916	   0.727	8049
59938.918314	2260789790.316	   0.869	8049
59938.918429	2260789775.716	   0.838	8049
59938.918545	2260789759.816	   0.791	8049
59938.918661	2260789742.416	   0.647	8049
59938.918776	2260789729.716	   0.705	8049
59938.918892	2260789715.716	   0.713	8049
59938.919008	2260789702.616	   0.791	8049
59938.919124	2260789691.016	   0.855	8049
59938.919239	2260789675.516	   0.544	8049
59938.919355	2260789661.016	   0.476	8049
59938.919471	2260789644.715	   0.650	8049
59938.919587	2260789629.415	   0.697	8049
59938.919702	2260789613.715	   0.547	8049
59938.919818	2260789600.015	   0.734	8049
59938.919934	2260789584.815	   0.827	8049
59938.920050	2260789569.515	   0.599	8049
59938.920165	2260789555.715	   0.670	8049
59938.920281	2260789543.515	   0.734	8049
59938.920397	2260789531.115	   0.773	8049
59938.920513	2260789520.715	   0.826	8049
59938.920628	2260789508.915	   0.792	8049
59938.920744	2260789498.115	   0.714	8049
59938.920860	2260789487.615	   0.902	8049
59938.920975	2260789478.615	   1.187	8049
59938.921091	2260789470.015	   0.926	8049
59938.921207	2260789460.215	   0.926	8049
59938.921323	2260789453.115	   1.176	8049
59938.921439	2260789443.015	   0.758	8049
59938.921554	2260789430.015	   1.079	8049
59938.921670	2260789418.615	   1.067	8049
59938.921786	2260789408.615	   1.040	8049
59938.921901	2260789397.915	   1.480	8049
59938.922017	2260789388.115	   1.420	8049
59938.922133	2260789379.615	   1.569	8049
59938.922249	2260789370.315	   1.236	8049
59938.922364	2260789363.715	   2.180	8049
59938.922480	2260789356.915	   1.927	8049
59938.922596	2260789350.815	   1.453	8049
59938.922712	2260789344.914	   2.344	8049
59938.922827	2260789339.014	   2.424	8049
59938.922943	2260789334.714	   2.552	8049
59938.923059	2260789331.414	   5.030	8049
59938.923175	2260789327.514	   3.148	8049
59938.923290	2260789324.814	   1.274	8049
59938.923406	2260789317.814	   1.586	8049
59938.923522	2260789311.514	   1.270	8049
59938.923637	2260789305.314	   2.215	8049
59938.923753	2260789300.114	   2.131	8049
59938.923869	2260789295.814	   3.623	8049
59938.923985	2260789292.314	   4.670	8049
59938.924100	2260789289.114	   3.278	8049
59938.924216	2260789287.214	   7.450	8049
59938.924332	2260789286.014	  11.110	8049
59938.924448	2260789285.614	  13.182	8049
59938.924563	2260789285.514	   8.575	8049
59938.924679	2260789286.714	   8.299	8049
59938.924795	2260789288.314	   5.081	8049
59938.924911	2260789291.314	   3.141	8049
59938.925026	2260789293.614	  11.707	8049
59938.925142	2260789291.714	  10.503	8049
59938.925258	2260789291.014	  19.248	8049
59938.925374	2260789291.014	  15.907	8049
59938.925489	2260789291.914	  10.321	8049
59938.925605	2260789293.614	   7.900	8049
59938.925721	2260789296.114	   3.563	8049
59938.925836	2260789299.514	   3.649	8049
59938.925952	2260789304.114	   2.968	8049
59938.926068	2260789309.114	   2.964	8049
59938.926184	2260789314.914	   2.427	8049
59938.926300	2260789321.114	   1.697	8049
59938.926415	2260789330.414	   1.690	8049
59938.926531	2260789338.414	   1.470	8049
59938.926647	2260789346.914	   3.052	8049
59938.926763	2260789351.015	   2.365	8049
59938.926878	2260789357.415	   1.928	8049
59938.926994	2260789363.515	   2.191	8049
59938.927110	2260789369.715	   1.487	8049
59938.927226	2260789379.215	   1.254	8049
59938.927341	2260789388.315	   1.260	8049
59938.927457	2260789399.215	   1.242	8049
59938.927573	2260789409.115	   0.949	8049
59938.927688	2260789422.215	   0.808	8049
59938.927804	2260789434.515	   0.863	8049
59938.927920	2260789449.415	   0.949	8049
59938.928036	2260789465.315	   0.744	8049
59938.928151	2260789479.215	   1.193	8049
59938.928267	2260789489.315	   1.276	8049
59938.928383	2260789501.615	   1.024	8049
59938.928499	2260789516.415	   0.744	8049
59938.928614	2260789529.715	   0.735	8049
59938.928730	2260789543.615	   0.854	8049
59938.928846	2260789562.015	   0.670	8049
59938.928962	2260789579.915	   0.609	8049
59938.929078	2260789596.815	   0.649	8049
59938.929193	2260789617.715	   0.507	8049
59938.929309	2260789639.315	   0.501	8049
59938.929425	2260789663.016	   0.540	8049
59938.929540	2260789683.516	   0.721	8049
59938.929656	2260789702.416	   0.719	8049
59938.929772	2260789721.516	   0.583	8049
59938.929888	2260789742.116	   0.508	8049
59938.930003	2260789761.716	   0.530	8049
59938.930119	2260789783.816	   0.351	8049
59938.930235	2260789808.316	   0.373	8049
59938.930351	2260789831.116	   0.341	8049
59938.930466	2260789860.216	   0.315	8049
59938.930582	2260789885.816	   0.295	8049
59938.930698	2260789918.116	   0.270	8049
59938.930813	2260789946.616	   0.249	8049
59938.930929	2260789973.917	   0.341	8049
59938.931045	2260789998.117	   0.320	8049
59938.931161	2260790025.517	   0.309	8049
59938.931277	2260790052.417	   0.232	8049
59938.931392	2260790081.717	   0.239	8049
59938.931508	2260790115.017	   0.234	8049
59938.931624	2260790145.817	   0.198	8049
59938.931739	2260790179.617	   0.178	8049
59938.931855	2260790215.617	   0.164	8049
59938.931971	2260790252.618	   0.168	8049
59938.932087	2260790290.018	   0.181	8049
59938.932202	2260790320.918	   0.225	8049
59938.932318	2260790358.418	   0.164	8049
59938.932434	2260790391.618	   0.143	8049
59938.932550	2260790422.718	   0.142	8049
59938.932665	2260790467.718	   0.140	8049
59938.932781	2260790501.518	   0.127	8049
59938.932897	2260790541.318	   0.117	8049
59938.933013	2260790586.319	   0.083	8049
59938.933129	2260790631.519	   0.118	8049
59938.933244	2260790671.519	   0.094	8049
59938.933360	2260790720.919	   0.081	8049
59938.933475	2260790758.519	   0.082	8049
59938.933592	2260790799.119	   0.078	8049
59938.958244	2260808549.378	   0.370	8049
59938.958360	2260808593.379	   0.358	8049
59938.958476	2260808635.479	   0.475	8049
59938.958591	2260808684.579	   0.512	8049
59938.958707	2260808708.279	   0.024	8049
59938.958823	2260808329.278	   0.253	8049
59938.958938	2260808363.878	   0.370	8049
59938.959054	2260808408.778	   0.363	8049
59938.959170	2260808448.078	   0.352	8049
59938.959286	2260808491.378	   0.392	8049
59938.959401	2260808531.278	   0.413	8049
59938.959517	2260808569.479	   0.475	8049
59938.959633	2260808602.279	   0.532	8049
59938.959749	2260808639.679	   0.512	8049
59938.959865	2260808677.379	   0.540	8049
59938.959981	2260808705.479	   0.552	8049
59938.960096	2260808742.579	   0.560	8049
59938.960212	2260808778.779	   0.571	8049
59938.960327	2260808814.579	   0.494	8049
59938.960443	2260808848.279	   0.539	8049
59938.960559	2260808882.680	   0.664	8049
59938.960675	2260808916.480	   0.542	8049
59938.960790	2260808944.180	   0.555	8049
59938.960906	2260808976.380	   0.672	8049
59938.961022	2260809004.280	   0.747	8049
59938.961138	2260809030.980	   0.655	8049
59938.961254	2260809060.780	   0.723	8049
59938.961369	2260809085.380	   0.779	8049
59938.961485	2260809111.380	   0.713	8049
59938.961601	2260809141.280	   0.697	8049
59938.961717	2260809171.181	   0.654	8049
59938.961832	2260809197.181	   0.719	8049
59938.961948	2260809226.581	   0.709	8049
59938.962064	2260809252.381	   0.893	8049
59938.962179	2260809275.081	   0.926	8049
59938.962295	2260809297.881	   1.090	8049
59938.962411	2260809320.581	   0.632	8049
59938.962526	2260809340.381	   0.650	8049
59938.962642	2260809360.881	   0.763	8049
59938.962758	2260809380.981	   0.807	8049
59938.962874	2260809399.581	   0.595	8049
59938.962989	2260809423.481	   0.607	8049
59938.963105	2260809444.581	   0.635	8049
59938.963221	2260809465.582	   0.737	8049
59938.963337	2260809488.082	   0.839	8049
59938.963452	2260809507.882	   0.770	8049
59938.963568	2260809525.882	   1.040	8049
59938.963684	2260809540.682	   0.866	8049
59938.963800	2260809558.382	   1.282	8049
59938.963915	2260809573.882	   1.436	8049
59938.964031	2260809588.582	   1.628	8049
59938.964147	2260809600.982	   1.653	8049
59938.964263	2260809613.582	   1.900	8049
59938.964379	2260809627.382	   1.058	8049
59938.964495	2260809645.382	   1.119	8049
59938.964610	2260809659.782	   1.286	8049
59938.964726	2260809676.182	   1.318	8049
59938.964841	2260809689.182	   1.699	8049
59938.964957	2260809702.282	   1.674	8049
59938.965073	2260809715.282	   2.137	8049
59938.965189	2260809725.882	   1.680	8049
59938.965304	2260809737.182	   1.763	8049
59938.965420	2260809745.282	   2.244	8049
59938.965536	2260809755.283	   3.067	8049
59938.965652	2260809761.583	   2.575	8049
59938.965767	2260809770.083	   3.460	8049
59938.965883	2260809775.583	   4.621	8049
59938.965999	2260809786.083	   3.266	8049
59938.966115	2260809797.383	   2.437	8049
59938.966230	2260809804.683	   2.312	8049
59938.966346	2260809815.583	   2.471	8049
59938.966462	2260809822.683	   3.312	8049
59938.966578	2260809830.083	   2.696	8049
59938.966694	2260809836.683	   5.076	8049
59938.966809	2260809842.083	   4.011	8049
59938.966925	2260809846.783	   5.541	8049
59938.967040	2260809850.483	   5.907	8049
59938.967156	2260809854.283	  12.852	8049
59938.967272	2260809856.783	  10.229	8049
59938.967388	2260809858.983	  28.719	8049
59938.967503	2260809860.383	  23.315	8049
59938.967619	2260809860.783	  19.045	8049
59938.967735	2260809866.883	   3.990	8049
59938.967851	2260809870.283	   8.051	8049
59938.967966	2260809874.083	  14.594	8049
59938.968082	2260809877.383	  15.402	8049
59938.968198	2260809879.983	  13.209	8049
59938.968313	2260809881.683	  30.087	8049
59938.968429	2260809882.783	  21.953	8049
59938.968545	2260809883.383	  36.316	8049
59938.968661	2260809883.283	  18.642	8049
59938.968777	2260809882.483	  32.306	8049
59938.968892	2260809880.983	  14.648	8049
59938.969008	2260809878.483	   9.788	8049
59938.969124	2260809876.183	   7.819	8049
59938.969240	2260809872.783	   9.014	8049
59938.969355	2260809868.983	   9.044	8049
59938.969471	2260809864.683	  19.383	8049
59938.969587	2260809864.283	  17.167	8049
59938.969703	2260809863.783	  15.235	8049
59938.969818	2260809862.483	  21.432	8049
59938.969934	2260809860.783	   6.031	8049
59938.970050	2260809857.983	   7.231	8049
59938.970166	2260809855.583	   5.357	8049
59938.970281	2260809851.183	   5.627	8049
59938.970397	2260809847.083	   5.428	8049
59938.970513	2260809843.183	   4.853	8049
59938.970629	2260809838.183	   4.401	8049
59938.970744	2260809831.783	   3.801	8049
59938.970860	2260809825.683	   3.583	8049
59938.970976	2260809818.283	   2.682	8049
59938.971091	2260809810.583	   2.337	8049
59938.971207	2260809802.983	   3.800	8049
59938.971323	2260809794.883	   2.846	8049
59938.971439	2260809786.483	   2.785	8049
59938.971555	2260809778.483	   5.301	8049
59938.971670	2260809773.483	   3.205	8049
59938.971787	2260809769.183	   3.276	8049
59938.971902	2260809762.483	   3.624	8049
59938.972017	2260809754.983	   2.760	8049
59938.972133	2260809748.282	   2.797	8049
59938.972249	2260809739.482	   2.288	8049
59938.972365	2260809731.982	   2.011	8049
59938.972480	2260809723.482	   2.004	8049
59938.972596	2260809713.982	   3.053	8049
59938.972712	2260809705.282	   2.935	8049
59938.972828	2260809695.182	   2.022	8049
59938.972943	2260809684.482	   1.696	8049
59938.973059	2260809675.482	   1.573	8049
59938.973175	2260809661.982	   1.514	8049
59938.973291	2260809651.582	   1.876	8049
59938.973407	2260809640.582	   1.697	8049
59938.973522	2260809626.082	   1.885	8049
59938.973638	2260809613.382	   1.621	8049
59938.973754	2260809601.482	   2.804	8049
59938.973869	2260809590.782	   2.182	8049
59938.973985	2260809581.182	   2.331	8049
59938.974101	2260809572.082	   1.746	8049
59938.974216	2260809561.282	   1.882	8049
59938.974332	2260809550.182	   1.787	8049
59938.974448	2260809538.182	   2.053	8049
59938.974564	2260809526.682	   2.485	8049
59938.974679	2260809514.082	   1.469	8049
59938.974795	2260809501.282	   2.111	8049
59938.974911	2260809488.182	   1.384	8049
59938.975027	2260809476.482	   1.113	8049
59938.975143	2260809461.682	   1.370	8049
59938.975258	2260809448.381	   1.102	8049
59938.975374	2260809433.281	   1.128	8049
59938.975490	2260809417.581	   1.069	8049
59938.975605	2260809404.681	   0.936	8049
59938.975721	2260809387.281	   1.036	8049
59938.975837	2260809371.481	   1.009	8049
59938.975952	2260809357.881	   1.149	8049
59938.976069	2260809338.981	   1.096	8049
59938.976184	2260809324.481	   0.864	8049
59938.976300	2260809308.981	   1.062	8049
59938.976415	2260809296.781	   1.304	8049
59938.976531	2260809280.181	   1.309	8049
59938.976647	2260809266.881	   1.453	8049
59938.976763	2260809252.281	   1.313	8049
59938.976879	2260809237.681	   1.298	8049
59938.976994	2260809222.981	   1.184	8049
59938.977110	2260809209.181	   1.231	8049
59938.977225	2260809193.281	   0.984	8049
59938.977342	2260809175.681	   1.098	8049
59938.977458	2260809159.881	   1.164	8049
59938.977573	2260809141.980	   1.186	8049
59938.977689	2260809125.180	   1.223	8049
59938.977804	2260809107.580	   1.399	8049
59938.977920	2260809090.480	   0.616	8049
59938.978036	2260809074.380	   0.800	8049
59938.978152	2260809054.680	   0.778	8049
59938.978267	2260809036.180	   0.881	8049
59938.978383	2260809019.180	   0.719	8049
59938.978499	2260808998.280	   0.602	8049
59938.978615	2260808981.080	   0.842	8049
59938.978730	2260808961.680	   0.632	8049
59938.978846	2260808943.880	   0.728	8049
59938.978962	2260808923.180	   0.764	8049
59938.979077	2260808903.780	   0.914	8049
59938.979194	2260808887.380	   0.777	8049
59938.979309	2260808871.480	   0.490	8049
59938.979425	2260808851.980	   0.493	8049
59938.979541	2260808833.979	   0.632	8049
59938.979657	2260808816.979	   0.449	8049
59938.979772	2260808798.079	   0.489	8049
59938.979888	2260808780.279	   0.540	8049
59938.980003	2260808759.679	   0.502	8049
59938.980119	2260808743.779	   0.535	8049
59938.980235	2260808723.879	   0.509	8049
59938.980350	2260808703.979	   0.407	8049
59938.980466	2260808686.479	   0.494	8049
59938.980582	2260808664.179	   0.489	8049
59938.980698	2260808645.979	   0.520	8049
59938.980814	2260808627.179	   0.497	8049
59938.980930	2260808602.979	   0.420	8049
59938.981045	2260808583.979	   0.415	8049
59938.981161	2260808565.279	   0.562	8049
59938.981277	2260808542.178	   0.357	8049
59938.981392	2260808522.778	   0.442	8049
59938.981508	2260808500.678	   0.454	8049
59938.981624	2260808479.278	   0.463	8049
59938.981740	2260808457.378	   0.385	8049
59938.981856	2260808437.878	   0.495	8049
59938.981971	2260808415.478	   0.402	8049
59938.982087	2260808393.078	   0.728	8049
59938.982203	2260808370.178	   0.692	8049
59938.982319	2260808347.278	   0.657	8049
59938.982434	2260808327.578	   0.691	8049
59938.982550	2260808306.978	   0.727	8049
59938.982666	2260808285.178	   0.804	8049
59938.982781	2260808266.578	   0.690	8049
59938.982897	2260808244.277	   0.605	8049
59938.983013	2260808224.277	   0.659	8049
59938.983129	2260808204.677	   0.831	8049
59938.983244	2260808182.977	   0.579	8049
59938.983360	2260808162.677	   0.599	8049
59938.983476	2260808140.477	   0.569	8049
59938.983592	2260808116.577	   0.584	8049
59938.983707	2260808097.077	   0.454	8049
59938.983823	2260808072.777	   0.486	8049
59938.983938	2260808052.777	   0.495	8049
59938.984054	2260808029.777	   0.495	8049
59938.984170	2260808007.477	   0.501	8049
59938.984286	2260807985.577	   0.454	8049
59938.984402	2260807964.177	   0.486	8049
59938.984518	2260807938.876	   0.483	8049
59938.984633	2260807916.876	   0.527	8049
59938.984749	2260807893.476	   0.488	8049
59938.984865	2260807870.776	   0.429	8049
59938.984980	2260807848.876	   0.450	8049
59938.985096	2260807825.376	   0.495	8049
59938.985212	2260807801.876	   0.478	8049
59938.985327	2260807777.076	   0.502	8049
59938.985444	2260807751.976	   0.500	8049
59938.985559	2260807728.776	   0.457	8049
59938.985675	2260807706.576	   0.383	8049
59938.985791	2260807680.276	   0.431	8049
59938.985906	2260807658.076	   0.494	8049
59938.986022	2260807632.675	   0.399	8049
59938.986138	2260807605.275	   0.371	8049
59938.986253	2260807583.775	   0.443	8049
59938.986369	2260807562.475	   0.401	8049
59938.986485	2260807538.475	   0.365	8049
59938.986600	2260807515.375	   0.446	8049
59938.986716	2260807494.275	   0.401	8049
59938.986832	2260807471.075	   0.373	8049
59938.986948	2260807447.575	   0.406	8049
59938.987064	2260807422.975	   0.375	8049
59938.987179	2260807399.975	   0.423	8049
59938.987295	2260807376.075	   0.365	8049
59938.987411	2260807352.275	   0.362	8049
59938.987527	2260807329.574	   0.436	8049
59938.987642	2260807307.774	   0.395	8049
59938.987758	2260807280.174	   0.215	8049
59938.987874	2260807255.574	   0.188	8049
59938.987989	2260807235.374	   0.197	8049
59938.988105	2260807211.274	   0.221	8049
59938.988221	2260807183.874	   0.212	8049
59938.988337	2260807158.274	   0.185	8049
59938.988453	2260807134.374	   0.213	8049
59938.988568	2260807112.774	   0.219	8049
59938.988684	2260807086.574	   0.224	8049
59938.988800	2260807058.874	   0.178	8049
59938.988916	2260807038.073	   0.295	8049
59938.989031	2260807009.673	   0.210	8049
59938.989147	2260806986.873	   0.318	8049
59938.989263	2260806961.473	   0.218	8049
59938.989378	2260806937.973	   0.180	8049
59938.989494	2260806909.773	   0.330	8049
59938.989610	2260806885.673	   0.234	8049
59938.989726	2260806859.373	   0.189	8049
59938.989841	2260806834.373	   0.185	8049
59938.989957	2260806808.373	   0.130	8049
59938.990073	2260806782.873	   0.227	8049
59938.990189	2260806755.573	   0.166	8049
59938.990304	2260806732.172	   0.159	8049
59938.990420	2260806704.872	   0.158	8049
59938.990536	2260806678.572	   0.165	8049
59938.990652	2260806652.372	   0.202	8049
59938.990768	2260806627.472	   0.188	8049
59938.990884	2260806600.772	   0.164	8049
59938.990999	2260806573.672	   0.182	8049
59938.991114	2260806547.672	   0.189	8049
59938.991230	2260806527.872	   0.170	8049
59938.991346	2260806497.972	   0.262	8049
59938.991462	2260806476.372	   0.188	8049
59938.991578	2260806448.071	   0.199	8049
59938.991694	2260806424.371	   0.215	8049
59938.991809	2260806400.971	   0.194	8049
59938.991925	2260806373.971	   0.233	8049
59938.992040	2260806347.771	   0.194	8049
59938.992156	2260806322.571	   0.365	8049
59938.992272	2260806298.771	   0.236	8049
59938.992388	2260806272.671	   0.305	8049
59938.992503	2260806250.371	   0.191	8049
59938.992619	2260806221.771	   0.264	8049
59938.992735	2260806196.171	   0.171	8049
59938.992851	2260806170.371	   0.174	8049
59938.992967	2260806147.570	   0.164	8049
59938.993083	2260806120.870	   0.145	8049
59938.993198	2260806093.970	   0.172	8049
59938.993314	2260806066.570	   0.124	8049
59938.993429	2260806043.870	   0.122	8049
59938.993545	2260806016.470	   0.121	8049
59938.993661	2260805989.470	   0.121	8049
59938.993777	2260805963.370	   0.144	8049
59938.993893	2260805935.670	   0.116	8049
59938.994008	2260805911.970	   0.124	8049
59938.994124	2260805884.470	   0.105	8049
59938.994240	2260805858.270	   0.097	8049
59938.994355	2260805828.969	   0.107	8049
59938.994471	2260805802.769	   0.118	8049
59938.994587	2260805778.369	   0.125	8049
59938.994702	2260805750.869	   0.117	8049
59938.994818	2260805725.869	   0.109	8049
59938.994934	2260805697.969	   0.107	8049
59938.995050	2260805672.869	   0.124	8049
59938.995165	2260805643.569	   0.160	8049
59938.995281	2260805618.269	   0.114	8049
59938.995397	2260805589.569	   0.174	8049
59938.995513	2260805561.669	   0.134	8049
59938.995628	2260805536.868	   0.142	8049
59938.995744	2260805509.268	   0.113	8049
59938.995860	2260805482.268	   0.164	8049
59938.995975	2260805456.768	   0.118	8049
59938.996091	2260805426.968	   0.097	8049
59938.996207	2260805399.868	   0.091	8049
59938.996323	2260805372.468	   0.093	8049
59938.996438	2260805345.968	   0.104	8049
59938.996554	2260805316.968	   0.106	8049
59938.996670	2260805289.668	   0.111	8049
59938.996786	2260805264.268	   0.103	8049
59938.996902	2260805235.067	   0.095	8049
59938.997018	2260805206.567	   0.088	8049
59938.997133	2260805180.567	   0.110	8049
59938.997249	2260805155.767	   0.108	8049
59938.997364	2260805129.767	   0.111	8049
59938.997480	2260805101.167	   0.094	8049
59938.997596	2260805075.367	   0.118	8049
59938.997712	2260805051.867	   0.111	8049
59938.997828	2260805022.067	   0.105	8049
59938.997944	2260804998.267	   0.103	8049
59938.998059	2260804968.767	   0.098	8049
59938.998175	2260804944.066	   0.100	8049
59938.998291	2260804915.566	   0.081	8049
59938.998406	2260804890.766	   0.073	8049
59938.998522	2260804862.866	   0.088	8049
59938.998638	2260804837.266	   0.082	8049
59938.998753	2260804809.366	   0.077	8049
59938.998869	2260804784.366	   0.066	8049
59938.998985	2260804755.466	   0.064	8049
59938.999101	2260804726.666	   0.052	8049
59938.999216	2260804701.766	   0.055	8049
59938.999332	2260804673.966	   0.071	8049
59938.999448	2260804645.765	   0.051	8049
59938.999564	2260804621.665	   0.057	8049
59938.999679	2260804591.565	   0.051	8049
59938.999795	2260804565.265	   0.063	8049
59938.999911	2260804537.365	   0.057	8049
59939.000027	2260804510.865	   0.056	8049
59939.000142	2260804483.665	   0.047	8049
59939.000258	2260804452.965	   0.046	8049
59939.000374	2260804429.465	   0.053	8049
59939.000489	2260804400.865	   0.053	8049
59939.000605	2260804373.765	   0.053	8049
59939.000721	2260804348.064	   0.048	8049
59939.000837	2260804319.364	   0.049	8049
59939.000952	2260804289.564	   0.050	8049
59939.001068	2260804263.264	   0.048	8049
59939.001184	2260804235.964	   0.049	8049
59939.001300	2260804209.064	   0.055	8049
59939.001415	2260804180.164	   0.048	8049
59939.001531	2260804152.464	   0.045	8049
59939.001647	2260804125.964	   0.053	8049
59939.001763	2260804096.764	   0.064	8049
59939.001878	2260804068.064	   0.056	8049
59939.001994	2260804042.763	   0.051	8049
59939.002110	2260804013.063	   0.054	8049
59939.002226	2260803984.363	   0.044	8049
59939.002341	2260803956.163	   0.039	8049
59939.002457	2260803929.663	   0.050	8049
59939.002573	2260803904.563	   0.049	8049
59939.002689	2260803874.963	   0.043	8049
59939.002805	2260803848.363	   0.049	8049
59939.002920	2260803816.263	   0.064	8049
59939.003036	2260803793.063	   0.056	8049
59939.003152	2260803763.763	   0.046	8049
59939.003267	2260803734.462	   0.038	8049
59939.003383	2260803707.262	   0.046	8049
59939.003499	2260803678.262	   0.050	8049
59939.003614	2260803648.162	   0.054	8049
59939.003730	2260803621.962	   0.050	8049
59939.003846	2260803592.462	   0.049	8049
59939.003962	2260803563.562	   0.057	8049
59939.004077	2260803531.662	   0.044	8049
59939.004193	2260803508.862	   0.046	8049
59939.004309	2260803477.662	   0.056	8049
59939.004425	2260803449.761	   0.061	8049
59939.004541	2260803421.561	   0.063	8049
59939.004656	2260803391.461	   0.061	8049
59939.004772	2260803366.561	   0.068	8049
59939.004888	2260803338.861	   0.057	8049
59939.005004	2260803308.261	   0.071	8049
59939.005119	2260803282.961	   0.079	8049
59939.005235	2260803257.461	   0.068	8049
59939.005351	2260803229.361	   0.081	8049
59939.005466	2260803201.561	   0.071	8049
59939.005582	2260803173.661	   0.075	8049
59939.005698	2260803144.560	   0.083	8049
59939.005814	2260803117.760	   0.081	8049
59939.005929	2260803090.360	   0.068	8049
59939.006045	2260803059.860	   0.060	8049
59939.006161	2260803034.760	   0.052	8049
59939.006277	2260803005.860	   0.072	8049
59939.006392	2260802979.060	   0.068	8049
59939.006508	2260802950.760	   0.071	8049
59939.006624	2260802921.760	   0.065	8049
59939.006739	2260802893.360	   0.070	8049
59939.006855	2260802866.460	   0.085	8049
59939.006971	2260802841.359	   0.077	8049
59939.007087	2260802811.659	   0.094	8049
59939.007203	2260802780.859	   0.083	8049
59939.007319	2260802756.359	   0.121	8049
59939.007435	2260802727.559	   0.124	8049
59939.007550	2260802700.459	   0.088	8049
59939.007666	2260802669.859	   0.097	8049
59939.007782	2260802642.259	   0.100	8049
59939.007897	2260802614.659	   0.084	8049
59939.008013	2260802587.259	   0.103	8049
59939.008129	2260802555.859	   0.090	8049
59939.008244	2260802528.458	   0.117	8049
59939.008361	2260802503.058	   0.087	8049
59939.008476	2260802476.058	   0.082	8049
59939.008592	2260802446.958	   0.070	8049
59939.008707	2260802416.458	   0.049	8049
59939.008823	2260802388.358	   0.036	8049
59939.008939	2260802357.558	   0.045	8049
59939.009054	2260802335.758	   0.066	8049
59939.009170	2260802303.558	   0.051	8049
59939.009286	2260802277.958	   0.076	8049
59939.009402	2260802248.057	   0.048	8049
59939.009517	2260802220.457	   0.044	8049
59939.009633	2260802191.357	   0.041	8049
59939.009749	2260802164.357	   0.040	8049
59939.009864	2260802133.857	   0.043	8049
59939.009980	2260802108.957	   0.048	8049
59939.010096	2260802076.657	   0.060	8049
59939.010212	2260802047.657	   0.073	8049
59939.010327	2260802021.257	   0.061	8049
59939.010443	2260801989.857	   0.056	8049
59939.010559	2260801962.357	   0.055	8049
59939.010675	2260801934.156	   0.049	8049
59939.010790	2260801908.856	   0.069	8049
59939.010906	2260801876.156	   0.061	8049
59939.011022	2260801848.456	   0.054	8049
59939.011138	2260801816.256	   0.066	8049
59939.011254	2260801790.356	   0.056	8049
59939.011369	2260801761.756	   0.041	8049
59939.011485	2260801736.956	   0.050	8049
59939.011601	2260801704.556	   0.037	8049
59939.011716	2260801675.956	   0.051	8049
59939.011832	2260801645.655	   0.050	8049
59939.011948	2260801618.955	   0.058	8049
59939.012064	2260801589.455	   0.054	8049
59939.012179	2260801561.455	   0.053	8049
59939.012295	2260801531.955	   0.057	8049
59939.012411	2260801502.755	   0.065	8049
59939.012526	2260801470.955	   0.066	8049
59939.012642	2260801447.055	   0.076	8049
59939.012758	2260801417.055	   0.081	8049
59939.012874	2260801389.055	   0.070	8049
59939.012989	2260801357.655	   0.078	8049
59939.013105	2260801332.054	   0.074	8049
59939.013221	2260801298.054	   0.078	8049
59939.013337	2260801269.854	   0.099	8049
59939.013453	2260801242.854	   0.083	8049
59939.013568	2260801212.954	   0.085	8049
59939.013684	2260801185.654	   0.079	8049
59939.013800	2260801155.054	   0.072	8049
59939.013915	2260801126.154	   0.077	8049
59939.014031	2260801097.254	   0.079	8049
59939.014147	2260801065.854	   0.087	8049
59939.014263	2260801038.753	   0.086	8049
59939.014378	2260801009.053	   0.082	8049
59939.014494	2260800980.253	   0.076	8049
59939.014610	2260800952.553	   0.094	8049
59939.014726	2260800923.453	   0.085	8049
59939.014841	2260800895.953	   0.090	8049
59939.014957	2260800868.053	   0.096	8049
59939.015073	2260800839.053	   0.086	8049
59939.015189	2260800810.953	   0.082	8049
59939.015304	2260800780.553	   0.084	8049
59939.015420	2260800753.253	   0.088	8049
59939.015536	2260800724.352	   0.100	8049
59939.015652	2260800698.452	   0.133	8049
59939.015767	2260800666.952	   0.045	8049
59939.015883	2260800642.952	   0.038	8049
59939.015999	2260800612.352	   0.042	8049
59939.016114	2260800584.752	   0.041	8049
59939.016230	2260800554.152	   0.044	8049
59939.016346	2260800526.652	   0.059	8049
59939.016462	2260800498.352	   0.048	8049
59939.016578	2260800467.052	   0.048	8049
59939.016693	2260800443.751	   0.044	8049
59939.016809	2260800413.251	   0.052	8049
59939.016925	2260800384.651	   0.045	8049
59939.017040	2260800356.751	   0.035	8049
59939.017156	2260800325.051	   0.068	8049
59939.017272	2260800296.051	   0.067	8049
59939.017388	2260800267.351	   0.045	8049
59939.017503	2260800238.151	   0.054	8049
59939.017619	2260800214.151	   0.053	8049
59939.017735	2260800182.251	   0.056	8049
59939.017851	2260800153.351	   0.043	8049
59939.017966	2260800126.150	   0.047	8049
59939.018082	2260800097.450	   0.050	8049
59939.018198	2260800066.650	   0.054	8049
59939.018314	2260800039.350	   0.051	8049
59939.018429	2260800010.050	   0.041	8049
59939.018545	2260799983.150	   0.058	8049
59939.018661	2260799953.550	   0.058	8049
59939.018777	2260799925.150	   0.060	8049
59939.018892	2260799892.250	   0.065	8049
59939.019008	2260799865.850	   0.051	8049
59939.019124	2260799836.449	   0.056	8049
59939.019239	2260799807.049	   0.057	8049
59939.019355	2260799777.949	   0.062	8049
59939.019471	2260799751.349	   0.061	8049
59939.019587	2260799720.049	   0.066	8049
59939.019702	2260799690.949	   0.044	8049
59939.019818	2260799663.749	   0.046	8049
59939.019934	2260799634.249	   0.037	8049
59939.020050	2260799605.249	   0.043	8049
59939.020166	2260799577.649	   0.043	8049
59939.020281	2260799547.848	   0.044	8049
59939.020397	2260799515.348	   0.035	8049
59939.020513	2260799490.148	   0.029	8049
59939.020628	2260799461.748	   0.051	8049
59939.020744	2260799430.448	   0.033	8049
59939.020860	2260799399.648	   0.027	8049
59939.020976	2260799372.148	   0.026	8049
59939.021091	2260799342.948	   0.021	8049
59939.021207	2260799313.648	   0.022	8049
59939.021323	2260799287.048	   0.019	8049
59939.021438	2260799256.248	   0.021	8049
59939.021555	2260799225.647	   0.023	8049
59939.021670	2260799194.947	   0.022	8049
59939.021786	2260799171.147	   0.017	8049
59939.021902	2260799140.247	   0.021	8049
59939.022017	2260799109.747	   0.015	8049
59939.022133	2260799080.847	   0.020	8049
59939.022249	2260799047.147	   0.022	8049
59939.022365	2260799019.847	   0.032	8049
59939.022480	2260798992.147	   0.018	8049
59939.022596	2260798960.347	   0.013	8049
59939.022712	2260798928.046	   0.016	8049
59939.022828	2260798905.946	   0.023	8049
59939.022944	2260798879.446	   0.030	8049
59939.023059	2260798844.246	   0.012	8049
59939.023175	2260798818.046	   0.009	8049
59939.023291	2260798786.246	   0.011	8049
59939.023406	2260798759.746	   0.010	8049
59939.023522	2260798729.546	   0.010	8049
59939.023638	2260798695.546	   0.010	8049
59939.023753	2260798668.146	   0.010	8049
59939.023869	2260798641.545	   0.009	8049
59939.023985	2260798606.345	   0.010	8049
59939.024101	2260798578.345	   0.011	8049
59939.024217	2260798548.245	   0.004	8049
59939.024332	2260798519.845	   0.003	8049
59939.024564	2260798460.345	   0.004	8049
59939.024680	2260798432.045	   0.006	8049
59939.024796	2260798404.345	   0.005	8049
59939.024911	2260798375.145	   0.006	8049
59939.025027	2260798346.244	   0.006	8049
59939.025143	2260798316.844	   0.008	8049
59939.025258	2260798286.044	   0.007	8049
59939.025374	2260798253.744	   0.006	8049
59939.025490	2260798228.944	   0.005	8049
59939.025606	2260798194.244	   0.019	8049
59939.025721	2260798165.344	   0.016	8049
59939.025837	2260798138.344	   0.021	8049
59939.025953	2260798107.544	   0.033	8049
59939.026069	2260798077.544	   0.022	8049
59939.026184	2260798050.143	   0.023	8049
59939.026300	2260798018.243	   0.024	8049
59939.026416	2260797991.243	   0.024	8049
59939.026531	2260797963.243	   0.031	8049
59939.026647	2260797932.543	   0.032	8049
59939.026763	2260797905.543	   0.025	8049
59939.026878	2260797875.243	   0.027	8049
59939.026994	2260797847.743	   0.010	8049
59939.027110	2260797818.143	   0.012	8049
59939.027226	2260797790.243	   0.014	8049
59939.027341	2260797759.443	   0.012	8049
59939.027457	2260797727.942	   0.009	8049
59939.027573	2260797700.042	   0.010	8049
59939.027689	2260797669.142	   0.011	8049
59939.027805	2260797640.842	   0.026	8049
59939.027920	2260797612.442	   0.020	8049
59939.028036	2260797584.342	   0.019	8049
59939.028151	2260797555.242	   0.028	8049
59939.028267	2260797525.342	   0.026	8049
59939.028383	2260797497.742	   0.024	8049
59939.028499	2260797468.942	   0.024	8049
59939.028615	2260797440.341	   0.026	8049
59939.028730	2260797404.941	   0.023	8049
59939.028846	2260797381.541	   0.033	8049
59939.028962	2260797351.041	   0.024	8049
59939.029077	2260797321.641	   0.024	8049
59939.029193	2260797290.641	   0.024	8049
59939.029309	2260797263.041	   0.025	8049
59939.029425	2260797234.141	   0.028	8049
59939.029541	2260797204.141	   0.035	8049
59939.029656	2260797176.041	   0.024	8049
59939.029772	2260797146.240	   0.006	8049
59939.029888	2260797117.840	   0.008	8049
59939.030003	2260797089.940	   0.010	8049
59939.030119	2260797056.840	   0.013	8049
59939.030235	2260797027.940	   0.008	8049
59939.030351	2260796994.040	   0.009	8049
59939.030466	2260796968.340	   0.013	8049
59939.030582	2260796938.340	   0.011	8049
59939.030698	2260796911.840	   0.011	8049
59939.030814	2260796880.340	   0.011	8049
59939.030929	2260796850.640	   0.011	8049
59939.031045	2260796821.039	   0.013	8049
59939.031161	2260796792.639	   0.023	8049
59939.031277	2260796762.539	   0.023	8049
59939.031392	2260796730.639	   0.022	8049
59939.031508	2260796700.839	   0.019	8049
59939.031624	2260796673.339	   0.019	8049
59939.031740	2260796643.039	   0.022	8049
59939.031855	2260796613.339	   0.023	8049
59939.031971	2260796583.639	   0.023	8049
59939.032087	2260796552.739	   0.019	8049
59939.032202	2260796527.338	   0.020	8049
59939.032318	2260796497.138	   0.020	8049
59939.032434	2260796468.038	   0.021	8049
59939.032550	2260796435.438	   0.013	8049
59939.032666	2260796402.738	   0.011	8049
59939.032781	2260796375.138	   0.012	8049
59939.032897	2260796345.638	   0.017	8049
59939.033013	2260796317.438	   0.022	8049
59939.033128	2260796287.138	   0.010	8049
59939.033244	2260796259.738	   0.011	8049
59939.033360	2260796231.237	   0.011	8049
59939.033476	2260796200.537	   0.015	8049
59939.033591	2260796168.437	   0.010	8049
59939.033707	2260796141.237	   0.008	8049
59939.033823	2260796111.337	   0.007	8049
59939.033939	2260796078.237	   0.008	8049
59939.034054	2260796051.737	   0.009	8049
59939.034170	2260796020.237	   0.009	8049
59939.034286	2260795990.937	   0.009	8049
59939.034401	2260795958.337	   0.008	8049
59939.034517	2260795930.336	   0.009	8049
59939.034633	2260795901.636	   0.009	8049
59939.034749	2260795870.036	   0.010	8049
59939.034865	2260795840.336	   0.009	8049
59939.034981	2260795813.236	   0.011	8049
59939.035096	2260795779.136	   0.009	8049
59939.035212	2260795749.736	   0.011	8049
59939.035328	2260795723.236	   0.010	8049
59939.035444	2260795691.536	   0.009	8049
59939.035559	2260795665.436	   0.008	8049
59939.035675	2260795629.935	   0.009	8049
59939.035790	2260795599.635	   0.012	8049
59939.035906	2260795572.935	   0.012	8049
59939.036022	2260795542.135	   0.013	8049
59939.036138	2260795517.935	   0.012	8049
59939.036253	2260795481.335	   0.012	8049
59939.036369	2260795452.835	   0.016	8049
59939.036485	2260795423.235	   0.015	8049
59939.036601	2260795394.635	   0.015	8049
59939.036716	2260795365.135	   0.015	8049
59939.036832	2260795334.734	   0.017	8049
59939.036948	2260795302.634	   0.015	8049
59939.037064	2260795273.434	   0.013	8049
59939.037179	2260795245.234	   0.016	8049
59939.037295	2260795211.234	   0.017	8049
59939.037411	2260795181.434	   0.016	8049
59939.037526	2260795151.534	   0.019	8049
59939.037642	2260795124.834	   0.015	8049
59939.037758	2260795091.334	   0.018	8049
59939.037874	2260795065.134	   0.018	8049
59939.037989	2260795030.933	   0.017	8049
59939.038105	2260795004.533	   0.017	8049
59939.038221	2260794972.833	   0.019	8049
59939.038337	2260794943.833	   0.015	8049
59939.038453	2260794911.933	   0.018	8049
59939.038568	2260794884.133	   0.015	8049
59939.038684	2260794851.733	   0.015	8049
59939.038800	2260794823.833	   0.014	8049
59939.038916	2260794793.433	   0.016	8049
59939.039031	2260794764.833	   0.014	8049
59939.039147	2260794734.232	   0.021	8049
59939.039263	2260794702.432	   0.015	8049
59939.039378	2260794678.132	   0.012	8049
59939.039494	2260794642.832	   0.015	8049
59939.039610	2260794618.532	   0.010	8049
59939.039726	2260794583.832	   0.011	8049
59939.039841	2260794555.532	   0.011	8049
59939.039957	2260794524.132	   0.009	8049
59939.040073	2260794499.932	   0.012	8049
59939.040189	2260794468.632	   0.010	8049
59939.040304	2260794439.031	   0.010	8049
59939.040420	2260794408.331	   0.011	8049
59939.040536	2260794377.931	   0.010	8049
59939.040652	2260794350.331	   0.014	8049
59939.040767	2260794317.031	   0.016	8049
59939.040883	2260794289.431	   0.012	8049
59939.040999	2260794258.831	   0.015	8049
59939.041114	2260794229.931	   0.014	8049
59939.041230	2260794199.531	   0.013	8049
59939.041346	2260794172.131	   0.015	8049
59939.041462	2260794140.530	   0.013	8049
59939.041578	2260794110.330	   0.011	8049
59939.041693	2260794079.730	   0.013	8049
59939.041809	2260794052.730	   0.013	8049
59939.041925	2260794019.730	   0.010	8049
59939.042040	2260793993.230	   0.011	8049
59939.042156	2260793958.930	   0.007	8049
59939.042272	2260793936.830	   0.007	8049
59939.042388	2260793904.530	   0.006	8049
59939.042503	2260793873.030	   0.005	8049
59939.042619	2260793843.829	   0.005	8049
59939.042735	2260793815.429	   0.005	8049
59939.042851	2260793784.229	   0.004	8049
59939.042966	2260793755.929	   0.005	8049
59939.043082	2260793726.929	   0.004	8049
59939.043198	2260793696.229	   0.004	8049
59939.043314	2260793663.029	   0.004	8049
59939.043429	2260793632.229	   0.008	8049
59939.043545	2260793609.129	   0.007	8049
59939.043661	2260793578.029	   0.008	8049
59939.043777	2260793552.429	   0.007	8049
59939.044239	2260793433.228	   0.004	8049
59939.044471	2260793367.928	   0.003	8049
59939.044587	2260793337.228	   0.005	8049
59939.044818	2260793281.228	   0.003	8049
59939.044934	2260793249.127	   0.003	8049
59939.045050	2260793222.327	   0.003	8049
59939.045165	2260793190.327	   0.008	8049
59939.045281	2260793165.427	   0.013	8049
59939.045397	2260793135.927	   0.011	8049
59939.045513	2260793105.427	   0.010	8049
59939.045628	2260793074.127	   0.014	8049
59939.045744	2260793044.627	   0.011	8049
59939.045860	2260793016.027	   0.011	8049
59939.045976	2260792986.027	   0.012	8049
59939.046091	2260792957.327	   0.011	8049
59939.046207	2260792927.526	   0.013	8049
59939.046323	2260792900.026	   0.013	8049
59939.046439	2260792868.826	   0.010	8049
59939.046555	2260792840.126	   0.010	8049
59939.046671	2260792810.926	   0.009	8049
59939.046786	2260792780.126	   0.012	8049
59939.046901	2260792751.626	   0.010	8049
59939.047017	2260792722.426	   0.011	8049
59939.047133	2260792690.926	   0.013	8049
59939.047249	2260792664.926	   0.010	8049
59939.047365	2260792632.025	   0.013	8049
59939.047481	2260792605.625	   0.013	8049
59939.047596	2260792574.325	   0.012	8049
59939.047712	2260792543.625	   0.010	8049
59939.047827	2260792519.425	   0.013	8049
59939.047943	2260792490.025	   0.010	8049
59939.048059	2260792458.525	   0.009	8049
59939.048175	2260792428.025	   0.010	8049
59939.048290	2260792399.225	   0.011	8049
59939.048406	2260792373.425	   0.009	8049
59939.048522	2260792338.024	   0.008	8049
59939.048638	2260792312.624	   0.011	8049
59939.048753	2260792286.924	   0.011	8049
59939.048869	2260792252.424	   0.011	8049
59939.048985	2260792227.524	   0.009	8049
59939.049101	2260792195.424	   0.010	8049
59939.049217	2260792165.224	   0.009	8049
59939.049333	2260792137.124	   0.009	8049
59939.049448	2260792108.424	   0.008	8049
59939.049564	2260792083.724	   0.008	8049
59939.049679	2260792051.524	   0.008	8049
59939.049795	2260792021.923	   0.006	8049
59939.049911	2260791991.923	   0.009	8049
59939.050027	2260791963.423	   0.009	8049
59939.050142	2260791932.623	   0.010	8049
59939.050258	2260791904.223	   0.007	8049
59939.050374	2260791876.423	   0.009	8049
59939.050490	2260791842.723	   0.009	8049
59939.050606	2260791815.523	   0.008	8049
59939.050721	2260791786.523	   0.008	8049
59939.050837	2260791754.723	   0.006	8049
59939.050953	2260791724.322	   0.005	8049
59939.051069	2260791700.122	   0.005	8049
59939.051184	2260791667.822	   0.005	8049
59939.051300	2260791640.022	   0.006	8049
59939.051415	2260791611.922	   0.008	8049
59939.051531	2260791578.222	   0.007	8049
59939.051647	2260791549.322	   0.004	8049
59939.051763	2260791521.922	   0.005	8049
59939.051879	2260791494.822	   0.005	8049
59939.051995	2260791464.722	   0.007	8049
59939.052110	2260791437.721	   0.007	8049
59939.052342	2260791378.821	   0.004	8049
59939.052804	2260791264.021	   0.004	8049
59939.053499	2260791095.920	   0.003	8049
59939.053615	2260791065.820	   0.007	8049
59939.053731	2260791036.620	   0.004	8049
59939.053846	2260791009.720	   0.004	8049
59939.053962	2260790978.820	   0.005	8049
59939.054193	2260790921.920	   0.003	8049
59939.054309	2260790891.120	   0.003	8049
59939.054425	2260790864.020	   0.004	8049
59939.054540	2260790844.919	   0.004	8049
59939.054656	2260790812.419	   0.004	8049
59939.054772	2260790786.919	   0.004	8049
59939.054888	2260790756.819	   0.004	8049
59939.055004	2260790736.619	   0.003	8049
59939.055120	2260790703.419	   0.003	8049
59939.055235	2260790674.219	   0.004	8049
59939.055351	2260790649.619	   0.004	8049
59939.055466	2260790620.419	   0.003	8049
59939.055698	2260790569.619	   0.005	8049
59939.055813	2260790537.418	   0.004	8049
59939.055929	2260790514.418	   0.004	8049
59939.056045	2260790488.818	   0.003	8049
59939.056392	2260790400.418	   0.003	8049
59939.056508	2260790372.718	   0.004	8049
59939.056624	2260790344.418	   0.003	8049
59939.056739	2260790318.718	   0.003	8049
59939.056855	2260790293.018	   0.003	8049
59939.057202	2260790208.017	   0.003	8049
59939.057550	2260790127.917	   0.004	8049
59939.057665	2260790095.417	   0.003	8049
59939.058244	2260789969.617	   0.003	8049
59939.058475	2260789911.216	   0.004	8049
59939.058591	2260789885.616	   0.003	8049
59939.058707	2260789857.816	   0.003	8049
59939.058823	2260789828.716	   0.004	8049
59939.058939	2260789808.516	   0.003	8049
59939.059054	2260789779.916	   0.005	8049
59939.059170	2260789756.216	   0.004	8049
59939.059286	2260789729.716	   0.004	8049
59939.059402	2260789706.616	   0.004	8049
59939.059517	2260789679.516	   0.004	8049
59939.059633	2260789653.216	   0.004	8049
59939.059749	2260789625.315	   0.005	8049
59939.059865	2260789604.515	   0.004	8049
59939.059980	2260789580.515	   0.004	8049
59939.060096	2260789552.915	   0.005	8049
59939.060212	2260789529.315	   0.004	8049
59939.060327	2260789506.315	   0.005	8049
59939.060443	2260789479.615	   0.004	8049
59939.060559	2260789453.115	   0.004	8049
59939.060675	2260789432.815	   0.003	8049
59939.060790	2260789403.915	   0.004	8049
59939.060906	2260789377.715	   0.004	8049
59939.061022	2260789352.115	   0.005	8049
59939.061254	2260789302.714	   0.003	8049
59939.061485	2260789255.214	   0.003	8049
59939.061601	2260789224.814	   0.004	8049
59939.061716	2260789197.614	   0.003	8049
59939.061832	2260789173.014	   0.003	8049
59939.062758	2260788984.513	   0.004	8049
59939.063800	2260788786.513	   0.003	8049
59939.064378	2260788673.612	   0.004	8049
59939.065189	2260788520.312	   0.003	8049
59939.066925	2260788235.311	   0.003	8049
59939.068314	2260788020.410	   0.003	8049
59939.068777	2260787961.310	   0.004	8049
59939.069124	2260787921.210	   0.003	8049
59939.070513	2260787753.109	   0.004	8049
59939.070744	2260787732.009	   0.003	8049
59939.070860	2260787721.609	   0.004	8049
59939.071091	2260787702.909	   0.004	8049
59939.071207	2260787693.809	   0.003	8049
59939.071670	2260787652.809	   0.003	8049
59939.072017	2260787623.609	   0.003	8049
59939.072133	2260787614.509	   0.003	8049
59939.072249	2260787605.409	   0.004	8049
59939.072481	2260787592.809	   0.003	8049
59939.072712	2260787580.309	   0.004	8049
59939.072827	2260787575.609	   0.006	8049
59939.072943	2260787571.709	   0.007	8049
59939.073059	2260787567.809	   0.008	8049
59939.073175	2260787565.009	   0.012	8049
59939.073290	2260787561.109	   0.007	8049
59939.073406	2260787554.409	   0.005	8049
59939.073522	2260787547.208	   0.006	8049
59939.073638	2260787542.308	   0.012	8049
59939.073753	2260787537.908	   0.014	8049
59939.073869	2260787534.008	   0.013	8049
59939.073985	2260787530.908	   0.014	8049
59939.074101	2260787528.008	   0.020	8049
59939.074216	2260787526.108	   0.036	8049
59939.074332	2260787525.508	   0.040	8049
59939.074448	2260787525.208	   0.059	8049
59939.074563	2260787525.508	   0.025	8049
59939.074679	2260787526.608	   0.023	8049
59939.074795	2260787529.208	   0.010	8049
59939.074911	2260787531.808	   0.009	8049
59939.075026	2260787533.908	   0.019	8049
59939.075142	2260787532.508	   0.025	8049
59939.075258	2260787532.108	   0.043	8049
59939.075374	2260787532.508	   0.027	8049
59939.075489	2260787533.708	   0.024	8049
59939.075605	2260787535.608	   0.009	8049
59939.075721	2260787538.408	   0.010	8049
59939.075837	2260787542.808	   0.009	8049
59939.075952	2260787547.308	   0.012	8049
59939.076068	2260787552.109	   0.009	8049
59939.076184	2260787558.309	   0.016	8049
59939.076300	2260787566.009	   0.011	8049
59939.076415	2260787574.909	   0.011	8049
59939.076531	2260787583.709	   0.008	8049
59939.076647	2260787590.509	   0.015	8049
59939.076763	2260787595.209	   0.008	8049
59939.076879	2260787602.009	   0.010	8049
59939.076994	2260787608.609	   0.006	8049
59939.077110	2260787615.209	   0.007	8049
59939.077226	2260787625.709	   0.005	8049
59939.077341	2260787634.509	   0.005	8049
59939.077457	2260787644.409	   0.005	8049
59939.077573	2260787656.309	   0.008	8049
59939.077804	2260787683.509	   0.005	8049
59939.077920	2260787694.909	   0.004	8049
59939.078036	2260787713.009	   0.005	8049
59939.078152	2260787728.409	   0.004	8049
59939.078267	2260787739.609	   0.006	8049
59939.078383	2260787749.609	   0.005	8049
59939.078499	2260787762.409	   0.004	8049
59939.078730	2260787794.509	   0.005	8049
59939.078846	2260787811.709	   0.006	8049
59939.079078	2260787849.109	   0.003	8049
59939.079193	2260787870.310	   0.003	8049
59939.079309	2260787893.710	   0.005	8049
59939.079425	2260787916.010	   0.006	8049
59939.079540	2260787937.210	   0.006	8049
59939.079656	2260787955.410	   0.005	8049
59939.079772	2260787975.310	   0.004	8049
59939.079888	2260787994.910	   0.004	8049
59939.080003	2260788013.410	   0.005	8049
59939.080119	2260788042.710	   0.005	8049
59939.080235	2260788065.910	   0.004	8049
59939.080466	2260788110.710	   0.003	8049
59939.081971	2260788510.812	   0.003	8049
59939.082202	2260788587.412	   0.004	8049
59939.082318	2260788619.612	   0.003	8049
59939.082434	2260788651.212	   0.003	8049
59939.082550	2260788690.512	   0.005	8049
59939.082665	2260788724.612	   0.005	8049
59939.082781	2260788769.613	   0.004	8049
59939.082897	2260788808.913	   0.008	8049
59939.083012	2260788845.913	   0.005	8049
59939.083128	2260788890.613	   0.004	8049
59939.083244	2260788931.113	   0.003	8049
59939.083360	2260788982.413	   0.004	8049
