59943.942090	2260796960.840	   0.004	8049
59943.942206	2260796937.540	   0.003	8049
59943.942321	2260796919.740	   0.004	8049
59943.942437	2260796898.940	   0.004	8049
59943.942669	2260796859.240	   0.004	8049
59943.942785	2260796847.439	   0.003	8049
59943.942900	2260796829.739	   0.004	8049
59943.943016	2260796812.639	   0.003	8049
59943.943132	2260796799.439	   0.003	8049
59943.943363	2260796770.239	   0.004	8049
59943.943479	2260796757.539	   0.009	8049
59943.943595	2260796737.739	   0.009	8049
59943.943710	2260796724.339	   0.006	8049
59943.943826	2260796704.839	   0.009	8049
59943.943942	2260796689.439	   0.010	8049
59943.944057	2260796674.339	   0.010	8049
59943.944173	2260796661.239	   0.009	8049
59943.944289	2260796647.939	   0.011	8049
59943.944405	2260796635.039	   0.010	8049
59943.944520	2260796625.939	   0.009	8049
59943.944636	2260796614.939	   0.009	8049
59943.944752	2260796604.839	   0.010	8049
59943.944868	2260796596.639	   0.032	8049
59943.944983	2260796586.939	   0.011	8049
59943.945099	2260796581.339	   0.009	8049
59943.945215	2260796569.039	   0.006	8049
59943.945331	2260796555.739	   0.006	8049
59943.945446	2260796545.138	   0.007	8049
59943.945562	2260796534.538	   0.006	8049
59943.945678	2260796524.638	   0.006	8049
59943.945794	2260796518.238	   0.004	8049
59943.945909	2260796509.438	   0.008	8049
59943.946025	2260796502.338	   0.005	8049
59943.946141	2260796497.938	   0.006	8049
59943.946257	2260796492.138	   0.042	8049
59943.946372	2260796487.738	   0.008	8049
59943.946488	2260796484.738	   0.010	8049
59943.946604	2260796482.238	   0.011	8049
59943.946719	2260796480.538	   0.013	8049
59943.947645	2260796448.438	   0.203	8049
59943.947761	2260796448.338	   0.030	8049
59943.947877	2260796448.638	   0.011	8049
59943.947993	2260796449.738	   0.011	8049
59943.948108	2260796451.938	   0.007	8049
59943.948224	2260796454.338	   0.004	8049
59943.948340	2260796458.038	   0.005	8049
59943.948456	2260796459.838	   0.008	8049
59943.948571	2260796458.938	   0.006	8049
59943.948687	2260796459.038	   0.004	8049
59943.949035	2260796464.738	   0.028	8049
59943.949381	2260796476.338	   0.003	8049
59943.991048	2260806168.171	   2.303	8049
59943.991164	2260806165.371	   2.942	8049
59943.991280	2260806159.871	   2.332	8049
59943.991395	2260806154.971	   1.816	8049
59943.991511	2260806148.470	   1.162	8049
59943.991627	2260806140.970	   1.085	8049
59943.991743	2260806133.470	   1.029	8049
59943.991859	2260806124.170	   0.814	8049
59943.991974	2260806115.270	   0.859	8049
59943.992090	2260806104.570	   0.789	8049
59943.992206	2260806093.470	   0.684	8049
59943.992321	2260806083.670	   0.782	8049
59943.992437	2260806069.270	   0.563	8049
59943.992553	2260806057.270	   1.362	8049
59943.992669	2260806043.870	   1.109	8049
59943.992784	2260806028.470	   1.030	8049
59943.992900	2260806019.970	   1.615	8049
59943.993016	2260806008.970	   1.349	8049
59943.993132	2260805999.270	   1.192	8049
59943.993247	2260805985.070	   1.182	8049
59943.993363	2260805973.070	   1.169	8049
59943.993479	2260805959.370	   0.950	8049
59943.993595	2260805944.770	   0.698	8049
59943.993710	2260805931.170	   0.573	8049
59943.993826	2260805913.970	   0.639	8049
59943.993942	2260805898.070	   1.069	8049
59943.994057	2260805880.770	   0.627	8049
59943.994173	2260805863.670	   0.482	8049
59943.994289	2260805844.669	   0.473	8049
59943.994405	2260805826.769	   0.429	8049
59943.994520	2260805805.269	   0.488	8049
59943.994636	2260805789.969	   0.673	8049
59943.994752	2260805776.369	   0.555	8049
59943.994868	2260805757.769	   0.511	8049
59943.994984	2260805741.469	   0.547	8049
59943.995099	2260805722.569	   0.469	8049
59943.995215	2260805704.269	   0.549	8049
59943.995331	2260805682.469	   0.836	8049
59943.995446	2260805662.769	   1.109	8049
59943.995562	2260805641.369	   0.862	8049
59943.995678	2260805618.969	   0.720	8049
59943.995794	2260805601.369	   0.825	8049
59943.995909	2260805575.769	   0.826	8049
59943.996025	2260805550.369	   0.909	8049
59943.996141	2260805530.168	   0.829	8049
59943.996256	2260805503.268	   0.779	8049
59943.996372	2260805477.168	   1.017	8049
59943.996488	2260805457.968	   1.007	8049
59943.996604	2260805437.168	   1.077	8049
59943.996720	2260805413.468	   1.111	8049
59943.996835	2260805391.268	   0.924	8049
59943.996951	2260805367.568	   1.171	8049
59943.997067	2260805343.868	   0.739	8049
59943.997182	2260805318.468	   0.774	8049
59943.997298	2260805292.068	   0.763	8049
59943.997414	2260805266.268	   0.825	8049
59943.997530	2260805239.367	   0.898	8049
59943.997645	2260805211.367	   0.766	8049
59943.997761	2260805184.467	   1.034	8049
59943.997877	2260805155.367	   0.686	8049
59943.997993	2260805124.167	   0.707	8049
59943.998108	2260805096.567	   0.668	8049
59943.998224	2260805062.867	   0.930	8049
59943.998340	2260805039.067	   0.990	8049
59943.998456	2260805014.267	   0.832	8049
59943.998571	2260804985.667	   1.051	8049
59943.998687	2260804956.967	   0.907	8049
59943.998803	2260804927.566	   1.001	8049
59943.998919	2260804898.866	   0.721	8049
59943.999034	2260804868.466	   0.709	8049
59943.999150	2260804838.866	   0.907	8049
59943.999266	2260804806.766	   0.670	8049
59943.999382	2260804779.466	   0.675	8049
59943.999497	2260804743.066	   0.660	8049
59943.999613	2260804709.966	   0.645	8049
59943.999729	2260804677.966	   0.590	8049
59943.999844	2260804645.665	   0.636	8049
59943.999960	2260804610.765	   0.595	8049
59944.000076	2260804576.465	   0.593	8049
59944.000192	2260804540.565	   0.477	8049
59944.000307	2260804509.665	   0.613	8049
59944.000423	2260804478.165	   0.605	8049
59944.000539	2260804446.165	   0.468	8049
59944.000655	2260804411.965	   0.569	8049
59944.000770	2260804376.065	   0.416	8049
59944.000886	2260804346.364	   0.449	8049
59944.001002	2260804313.264	   0.701	8049
59944.001118	2260804278.064	   0.710	8049
59944.001233	2260804243.564	   0.564	8049
59944.001349	2260804204.964	   0.574	8049
59944.001465	2260804169.264	   0.543	8049
59944.001581	2260804132.964	   0.568	8049
59944.001696	2260804097.364	   0.500	8049
59944.001812	2260804058.664	   0.542	8049
59944.001928	2260804019.663	   0.515	8049
59944.002044	2260803984.663	   0.455	8049
59944.002159	2260803944.063	   0.517	8049
59944.002275	2260803906.763	   0.459	8049
59944.002391	2260803866.963	   0.517	8049
59944.002506	2260803829.963	   0.427	8049
59944.002622	2260803793.463	   0.473	8049
59944.002738	2260803754.663	   0.432	8049
59944.002854	2260803720.962	   0.379	8049
59944.002969	2260803679.862	   0.394	8049
59944.003085	2260803644.762	   0.361	8049
59944.003201	2260803603.362	   0.346	8049
59944.003317	2260803564.562	   0.359	8049
59944.003432	2260803523.462	   0.358	8049
59944.003548	2260803487.262	   0.357	8049
59944.003664	2260803448.661	   0.355	8049
59944.003780	2260803404.061	   0.543	8049
59944.003895	2260803364.861	   0.429	8049
59944.004011	2260803326.661	   0.477	8049
59944.004127	2260803284.261	   0.464	8049
59944.004243	2260803242.161	   0.431	8049
59944.004358	2260803199.661	   0.473	8049
59944.004474	2260803155.461	   0.441	8049
59944.004590	2260803112.760	   0.459	8049
59944.004706	2260803069.760	   0.424	8049
59944.004821	2260803026.860	   0.366	8049
59944.004937	2260802985.260	   0.564	8049
59944.005053	2260802946.960	   0.448	8049
59944.005169	2260802906.860	   0.599	8049
59944.005284	2260802862.960	   0.548	8049
59944.005400	2260802824.059	   0.456	8049
59944.005516	2260802780.559	   0.483	8049
59944.005632	2260802740.459	   0.493	8049
59944.005747	2260802699.759	   0.503	8049
59944.005863	2260802651.959	   0.447	8049
59944.005979	2260802611.559	   0.465	8049
59944.006094	2260802570.659	   0.446	8049
59944.006210	2260802523.758	   0.444	8049
59944.006326	2260802482.858	   0.439	8049
59944.006442	2260802440.658	   0.489	8049
59944.006557	2260802397.958	   0.531	8049
59944.006673	2260802354.758	   0.488	8049
59944.006789	2260802307.558	   0.471	8049
59944.006905	2260802263.258	   0.493	8049
59944.007021	2260802217.557	   0.515	8049
59944.007136	2260802176.857	   0.509	8049
59944.007252	2260802128.857	   0.524	8049
59944.007368	2260802085.457	   0.477	8049
59944.007483	2260802039.657	   0.460	8049
59944.007599	2260801996.057	   0.426	8049
59944.007715	2260801948.256	   0.428	8049
59944.007831	2260801899.956	   0.355	8049
59944.007946	2260801848.656	   0.374	8049
59944.008062	2260801811.656	   0.553	8049
59944.008178	2260801765.756	   0.475	8049
59944.008294	2260801723.156	   0.458	8049
59944.008409	2260801681.956	   0.371	8049
59944.008525	2260801633.955	   0.395	8049
59944.008641	2260801588.255	   0.483	8049
59944.008756	2260801544.355	   0.429	8049
59944.008872	2260801496.855	   0.380	8049
59944.008988	2260801451.755	   0.366	8049
59944.009104	2260801407.055	   0.358	8049
59944.009220	2260801362.355	   0.333	8049
59944.009335	2260801319.154	   0.347	8049
59944.009451	2260801272.854	   0.427	8049
59944.009567	2260801227.154	   0.416	8049
59944.009682	2260801182.254	   0.467	8049
59944.009798	2260801137.054	   0.495	8049
59944.009914	2260801091.254	   0.417	8049
59944.010030	2260801047.953	   0.404	8049
59944.010145	2260800998.153	   0.423	8049
59944.010261	2260800956.653	   0.398	8049
59944.010377	2260800910.353	   0.448	8049
59944.010493	2260800864.453	   0.458	8049
59944.010608	2260800818.553	   0.408	8049
59944.010724	2260800771.753	   0.396	8049
59944.010840	2260800729.152	   0.446	8049
59944.010956	2260800683.852	   0.439	8049
59944.011071	2260800635.452	   0.391	8049
59944.011187	2260800590.152	   0.388	8049
59944.011303	2260800550.552	   0.453	8049
59944.011418	2260800498.652	   0.385	8049
59944.011534	2260800459.552	   0.471	8049
59944.011650	2260800412.551	   0.419	8049
59944.011766	2260800372.151	   0.370	8049
59944.011882	2260800324.651	   0.410	8049
59944.011997	2260800279.751	   0.380	8049
59944.012113	2260800235.251	   0.378	8049
59944.012229	2260800193.951	   0.406	8049
59944.012344	2260800144.650	   0.421	8049
59944.012460	2260800101.350	   0.381	8049
59944.012576	2260800059.750	   0.394	8049
59944.012692	2260800014.350	   0.464	8049
59944.012808	2260799968.450	   0.409	8049
59944.012923	2260799925.950	   0.400	8049
59944.013039	2260799885.850	   0.375	8049
59944.013155	2260799842.649	   0.366	8049
59944.013270	2260799799.449	   0.432	8049
59944.013386	2260799755.649	   0.354	8049
59944.013502	2260799714.949	   0.314	8049
59944.013618	2260799671.649	   0.503	8049
59944.013734	2260799626.049	   0.339	8049
59944.013849	2260799582.249	   0.310	8049
59944.013965	2260799534.548	   0.364	8049
59944.014081	2260799492.148	   0.308	8049
59944.014196	2260799446.748	   0.281	8049
59944.014312	2260799401.648	   0.327	8049
59944.014428	2260799360.848	   0.294	8049
59944.014544	2260799316.048	   0.297	8049
59944.014659	2260799275.248	   0.306	8049
59944.014775	2260799228.347	   0.301	8049
59944.014891	2260799185.947	   0.275	8049
59944.015006	2260799148.047	   0.597	8049
59944.015122	2260799104.547	   0.488	8049
59944.015238	2260799062.947	   0.400	8049
59944.015354	2260799018.547	   0.411	8049
59944.015469	2260798979.647	   0.387	8049
59944.015585	2260798937.946	   0.410	8049
59944.015701	2260798899.546	   0.370	8049
59944.015817	2260798859.246	   0.379	8049
59944.015932	2260798819.346	   0.344	8049
59944.016048	2260798784.146	   0.359	8049
59944.016164	2260798742.146	   0.337	8049
59944.016280	2260798702.046	   0.348	8049
59944.016395	2260798663.146	   0.643	8049
59944.016511	2260798619.445	   0.370	8049
59944.016627	2260798579.745	   0.401	8049
59944.016743	2260798541.145	   0.355	8049
59944.016858	2260798500.345	   0.358	8049
59944.016974	2260798458.945	   0.381	8049
59944.017090	2260798417.345	   0.329	8049
59944.017206	2260798377.045	   0.367	8049
59944.017321	2260798340.044	   0.332	8049
59944.017437	2260798299.344	   0.422	8049
59944.017553	2260798262.844	   0.394	8049
59944.017669	2260798226.344	   0.354	8049
59944.017784	2260798188.644	   0.743	8049
59944.017900	2260798152.944	   0.473	8049
59944.018016	2260798114.744	   0.481	8049
59944.018131	2260798077.444	   0.430	8049
59944.018247	2260798045.543	   0.566	8049
59944.018363	2260798008.443	   0.511	8049
59944.018479	2260797974.043	   0.573	8049
59944.018594	2260797939.243	   0.418	8049
59944.018710	2260797902.243	   0.397	8049
59944.018826	2260797867.143	   0.394	8049
59944.018942	2260797831.043	   0.396	8049
59944.019057	2260797789.843	   0.379	8049
59944.019173	2260797752.243	   0.602	8049
59944.019289	2260797720.142	   0.526	8049
59944.019405	2260797683.642	   0.442	8049
59944.019520	2260797651.442	   0.420	8049
59944.019636	2260797617.242	   0.433	8049
59944.019752	2260797585.042	   0.422	8049
59944.019868	2260797551.942	   0.409	8049
59944.019983	2260797517.142	   0.481	8049
59944.020099	2260797483.642	   0.365	8049
59944.020215	2260797457.542	   0.330	8049
59944.020331	2260797425.641	   0.340	8049
59944.020446	2260797390.741	   0.357	8049
59944.020562	2260797358.341	   0.398	8049
59944.020678	2260797334.441	   0.677	8049
59944.020794	2260797302.341	   0.515	8049
59944.020909	2260797269.041	   0.461	8049
59944.021025	2260797236.441	   0.527	8049
59944.021141	2260797203.741	   0.513	8049
59944.021256	2260797176.041	   0.517	8049
59944.021372	2260797143.540	   0.497	8049
59944.021488	2260797112.740	   0.478	8049
59944.021604	2260797082.540	   0.496	8049
59944.021719	2260797055.940	   0.535	8049
59944.021835	2260797029.340	   0.490	8049
59944.021951	2260796999.740	   0.483	8049
59944.022067	2260796972.140	   0.544	8049
59944.022182	2260796948.940	   0.526	8049
59944.022298	2260796923.640	   0.627	8049
59944.022414	2260796896.440	   0.550	8049
59944.022530	2260796873.140	   0.584	8049
59944.022645	2260796848.539	   0.671	8049
59944.022761	2260796819.839	   0.435	8049
59944.022877	2260796792.139	   0.429	8049
59944.022993	2260796765.539	   0.420	8049
59944.023108	2260796740.839	   0.532	8049
59944.023224	2260796715.239	   0.438	8049
59944.023340	2260796690.539	   0.424	8049
59944.023455	2260796663.539	   0.686	8049
59944.023571	2260796641.439	   0.679	8049
59944.023687	2260796617.439	   0.713	8049
59944.023803	2260796596.939	   0.803	8049
59944.023918	2260796571.939	   0.820	8049
59944.024034	2260796551.539	   0.765	8049
59944.024150	2260796533.438	   0.707	8049
59944.024266	2260796513.438	   1.066	8049
59944.024382	2260796494.838	   0.859	8049
59944.024497	2260796476.338	   0.696	8049
59944.024613	2260796453.538	   0.630	8049
59944.024729	2260796429.238	   0.796	8049
59944.024844	2260796409.838	   0.650	8049
59944.024960	2260796387.138	   0.768	8049
59944.025076	2260796367.938	   0.697	8049
59944.025192	2260796348.238	   0.812	8049
59944.025307	2260796331.038	   0.646	8049
59944.025423	2260796309.638	   0.659	8049
59944.025539	2260796295.938	   0.602	8049
59944.025655	2260796278.638	   0.589	8049
59944.025770	2260796262.338	   0.804	8049
59944.025886	2260796246.837	   0.725	8049
59944.026002	2260796231.137	   0.840	8049
59944.026118	2260796218.637	   0.763	8049
59944.026233	2260796206.837	   1.795	8049
59944.026349	2260796190.037	   1.025	8049
59944.026465	2260796171.337	   0.888	8049
59944.026581	2260796157.237	   1.107	8049
59944.026696	2260796143.137	   1.009	8049
59944.026812	2260796127.937	   0.868	8049
59944.026928	2260796112.937	   1.132	8049
59944.027043	2260796099.837	   1.139	8049
59944.027159	2260796088.137	   1.140	8049
59944.027275	2260796073.937	   0.944	8049
59944.027391	2260796064.237	   1.111	8049
59944.027506	2260796054.137	   0.983	8049
59944.027622	2260796044.537	   4.677	8049
59944.027738	2260796035.537	   3.025	8049
59944.027854	2260796028.737	   3.941	8049
59944.027970	2260796020.337	   3.503	8049
59944.028085	2260796010.737	   2.092	8049
59944.028201	2260795999.637	   2.093	8049
59944.028317	2260795988.237	   1.727	8049
59944.028432	2260795979.437	   1.761	8049
59944.028548	2260795968.437	   2.281	8049
59944.028664	2260795960.237	   2.553	8049
59944.028780	2260795953.337	   2.800	8049
59944.028895	2260795947.136	   3.007	8049
59944.029011	2260795940.436	   4.778	8049
59944.029127	2260795935.136	   4.363	8049
59944.029243	2260795930.636	   4.700	8049
59944.029358	2260795927.836	   6.633	8049
59944.029474	2260795924.736	   7.481	8049
59944.029590	2260795922.336	  14.919	8049
59944.029706	2260795921.236	  10.665	8049
59944.029821	2260795915.536	   5.219	8049
59944.029937	2260795909.236	   3.333	8049
59944.030053	2260795904.336	   4.470	8049
59944.030168	2260795901.036	   4.619	8049
59944.030284	2260795897.136	   7.017	8049
59944.030400	2260795895.136	   9.751	8049
59944.030516	2260795893.236	  12.404	8049
59944.030631	2260795892.336	  18.768	8049
59944.030747	2260795892.236	  36.069	8049
59944.030863	2260795892.636	  14.972	8049
59944.030979	2260795893.936	   8.377	8049
59944.031095	2260795896.136	   9.303	8049
59944.031210	2260795899.336	   5.099	8049
59944.031326	2260795902.436	   4.233	8049
59944.031442	2260795907.236	  11.262	8049
59944.031557	2260795906.836	  23.373	8049
59944.031673	2260795907.036	  16.148	8049
59944.031789	2260795907.836	   9.755	8049
59944.031905	2260795910.036	   6.847	8049
59944.032020	2260795912.636	   4.681	8049
59944.032136	2260795914.636	   0.356	8049
59944.073687	2260805088.267	   3.628	8049
59944.073803	2260805081.667	   3.288	8049
59944.073918	2260805076.267	   3.949	8049
59944.074034	2260805068.367	   2.474	8049
59944.074150	2260805060.867	   2.108	8049
59944.074266	2260805052.267	   1.872	8049
59944.074381	2260805043.867	   1.766	8049
59944.074497	2260805033.667	   2.172	8049
59944.074613	2260805021.567	   1.677	8049
59944.074729	2260805011.467	   1.510	8049
59944.074844	2260804999.867	   1.112	8049
59944.074960	2260804985.667	   1.270	8049
59944.075076	2260804976.467	   2.009	8049
59944.075192	2260804967.067	   1.802	8049
59944.075307	2260804957.367	   2.532	8049
59944.075423	2260804948.966	   1.902	8049
59944.075539	2260804937.466	   1.681	8049
59944.075655	2260804925.166	   1.954	8049
59944.075770	2260804912.566	   1.596	8049
59944.075886	2260804899.666	   1.496	8049
59944.076002	2260804886.166	   1.439	8049
59944.076118	2260804870.866	   1.235	8049
59944.076233	2260804858.066	   1.274	8049
59944.076349	2260804839.466	   1.194	8049
59944.076465	2260804822.866	   1.120	8049
59944.076580	2260804807.266	   0.934	8049
59944.076696	2260804786.366	   1.347	8049
59944.076812	2260804770.466	   1.959	8049
59944.076928	2260804757.166	   1.756	8049
59944.077044	2260804743.066	   1.522	8049
59944.077159	2260804727.966	   1.859	8049
59944.077275	2260804711.666	   1.510	8049
59944.077391	2260804694.566	   1.463	8049
59944.077506	2260804678.566	   1.238	8049
59944.077622	2260804661.166	   1.149	8049
59944.077738	2260804639.865	   1.148	8049
59944.077854	2260804620.765	   1.092	8049
59944.077969	2260804601.565	   0.956	8049
59944.078085	2260804577.765	   0.908	8049
59944.078201	2260804559.765	   1.083	8049
59944.078317	2260804534.165	   1.239	8049
59944.078432	2260804510.265	   0.914	8049
59944.078548	2260804490.565	   0.790	8049
59944.078664	2260804468.965	   0.928	8049
59944.078780	2260804449.765	   1.067	8049
59944.078895	2260804426.765	   0.982	8049
59944.079011	2260804407.965	   0.905	8049
59944.079127	2260804386.365	   0.891	8049
59944.079243	2260804365.065	   1.023	8049
59944.079358	2260804340.364	   0.795	8049
59944.079474	2260804316.664	   0.823	8049
59944.079590	2260804293.064	   0.944	8049
59944.079705	2260804270.064	   0.783	8049
59944.079821	2260804242.164	   0.721	8049
59944.079937	2260804215.464	   0.669	8049
59944.080053	2260804189.164	   0.656	8049
59944.080168	2260804165.164	   0.607	8049
59944.080284	2260804135.564	   0.705	8049
59944.080400	2260804106.664	   0.732	8049
59944.080516	2260804077.564	   0.789	8049
59944.080631	2260804054.864	   0.775	8049
59944.080747	2260804030.863	   0.696	8049
59944.080863	2260804001.863	   0.588	8049
59944.080979	2260803978.263	   0.678	8049
59944.081094	2260803947.963	   0.542	8049
59944.081210	2260803922.463	   0.619	8049
59944.081326	2260803892.463	   0.581	8049
59944.081442	2260803865.663	   0.566	8049
59944.081557	2260803833.763	   0.544	8049
59944.081673	2260803806.463	   0.564	8049
59944.081789	2260803772.663	   0.474	8049
59944.081905	2260803743.362	   0.570	8049
59944.082020	2260803715.562	   0.410	8049
59944.082136	2260803679.562	   0.535	8049
59944.082252	2260803647.462	   0.465	8049
59944.082368	2260803614.862	   0.647	8049
59944.082483	2260803580.262	   0.698	8049
59944.082599	2260803553.462	   0.666	8049
59944.082715	2260803523.862	   0.587	8049
59944.082830	2260803490.262	   0.561	8049
59944.082946	2260803457.962	   0.576	8049
59944.083062	2260803430.261	   0.496	8049
59944.083178	2260803395.161	   0.579	8049
59944.083293	2260803365.161	   0.612	8049
59944.083409	2260803331.061	   0.575	8049
59944.083525	2260803297.261	   0.494	8049
59944.083641	2260803262.061	   0.442	8049
59944.083756	2260803228.161	   0.656	8049
59944.083872	2260803191.661	   0.593	8049
59944.083988	2260803158.661	   0.590	8049
59944.084104	2260803119.260	   0.572	8049
59944.084219	2260803083.760	   0.570	8049
59944.084335	2260803045.760	   0.630	8049
59944.084451	2260803007.760	   0.557	8049
59944.084567	2260802970.960	   0.553	8049
59944.084682	2260802938.660	   0.603	8049
59944.084798	2260802900.660	   0.568	8049
59944.084914	2260802869.460	   0.593	8049
59944.085030	2260802835.059	   0.496	8049
59944.085145	2260802796.859	   0.800	8049
59944.085261	2260802758.859	   0.665	8049
59944.085377	2260802724.659	   0.612	8049
59944.085493	2260802688.559	   0.676	8049
59944.085608	2260802650.659	   0.793	8049
59944.085724	2260802610.459	   0.656	8049
59944.085840	2260802570.059	   0.650	8049
59944.085956	2260802537.158	   0.611	8049
59944.086071	2260802496.858	   0.607	8049
59944.086187	2260802452.358	   0.591	8049
59944.086303	2260802415.158	   0.591	8049
59944.086419	2260802376.458	   0.756	8049
59944.086534	2260802332.858	   0.532	8049
59944.086650	2260802292.758	   0.586	8049
59944.086766	2260802255.958	   0.542	8049
59944.086881	2260802210.057	   0.590	8049
59944.086997	2260802171.057	   0.621	8049
59944.087113	2260802130.557	   0.563	8049
59944.087229	2260802093.757	   0.617	8049
59944.087344	2260802057.257	   0.565	8049
59944.087460	2260802014.957	   0.621	8049
59944.087576	2260801975.157	   0.554	8049
59944.087692	2260801933.656	   0.511	8049
59944.087807	2260801894.056	   0.522	8049
59944.087923	2260801858.056	   0.601	8049
59944.088039	2260801813.956	   0.537	8049
59944.088155	2260801773.056	   0.516	8049
59944.088270	2260801731.356	   0.593	8049
59944.088386	2260801691.356	   0.524	8049
59944.088502	2260801648.955	   0.506	8049
59944.088618	2260801605.355	   0.508	8049
59944.088733	2260801561.955	   0.495	8049
59944.088849	2260801520.355	   0.531	8049
59944.088965	2260801479.555	   0.434	8049
59944.089081	2260801438.255	   0.500	8049
59944.089196	2260801391.055	   0.468	8049
59944.089312	2260801347.954	   0.494	8049
59944.089428	2260801306.454	   0.552	8049
59944.089543	2260801265.154	   0.560	8049
59944.089659	2260801216.954	   0.513	8049
59944.089775	2260801174.754	   0.551	8049
59944.089891	2260801130.954	   0.527	8049
59944.090006	2260801083.154	   0.529	8049
59944.090122	2260801040.953	   0.536	8049
59944.090238	2260801002.053	   0.540	8049
59944.090354	2260800956.253	   0.524	8049
59944.090469	2260800912.253	   0.545	8049
59944.090585	2260800870.753	   0.500	8049
59944.090701	2260800827.553	   0.496	8049
59944.090817	2260800786.253	   0.557	8049
59944.090932	2260800741.252	   0.555	8049
59944.091048	2260800696.952	   0.501	8049
59944.091164	2260800654.552	   0.480	8049
59944.091280	2260800606.452	   0.435	8049
59944.091395	2260800566.152	   0.453	8049
59944.091511	2260800522.252	   0.425	8049
59944.091627	2260800477.652	   0.446	8049
59944.091743	2260800431.551	   0.440	8049
59944.091858	2260800390.451	   0.440	8049
59944.091974	2260800348.051	   0.393	8049
59944.092090	2260800302.251	   0.393	8049
59944.092206	2260800257.251	   0.561	8049
59944.092321	2260800213.651	   0.452	8049
59944.092437	2260800166.951	   0.497	8049
59944.092553	2260800125.050	   0.475	8049
59944.092668	2260800079.650	   0.568	8049
59944.092784	2260800037.250	   0.522	8049
59944.092900	2260799992.250	   0.425	8049
59944.093016	2260799944.350	   0.432	8049
59944.093131	2260799900.550	   0.453	8049
59944.093247	2260799859.150	   0.541	8049
59944.093363	2260799816.549	   0.459	8049
59944.093479	2260799766.949	   0.439	8049
59944.093594	2260799727.149	   0.583	8049
59944.093710	2260799680.249	   0.510	8049
59944.093826	2260799639.949	   0.487	8049
59944.093942	2260799593.749	   0.519	8049
59944.094057	2260799549.748	   0.557	8049
59944.094173	2260799503.848	   0.462	8049
59944.094289	2260799463.748	   0.519	8049
59944.094405	2260799417.248	   0.532	8049
59944.094520	2260799373.548	   0.565	8049
59944.094636	2260799329.448	   0.452	8049
59944.094752	2260799284.048	   0.485	8049
59944.094868	2260799245.247	   0.488	8049
59944.094983	2260799201.147	   0.485	8049
59944.095099	2260799157.047	   0.516	8049
59944.095215	2260799112.547	   0.581	8049
59944.095331	2260799071.447	   0.510	8049
59944.095446	2260799028.947	   0.497	8049
59944.095562	2260798984.547	   0.482	8049
59944.095678	2260798943.046	   0.483	8049
59944.095793	2260798900.846	   0.505	8049
59944.095909	2260798856.846	   0.501	8049
59944.096025	2260798819.846	   0.490	8049
59944.096141	2260798774.446	   0.471	8049
59944.096256	2260798735.446	   0.448	8049
59944.096372	2260798693.846	   0.683	8049
59944.096488	2260798653.146	   0.564	8049
59944.096604	2260798607.945	   0.596	8049
59944.096719	2260798563.045	   0.620	8049
59944.096835	2260798522.245	   0.587	8049
59944.096951	2260798479.345	   0.590	8049
59944.097067	2260798435.845	   0.566	8049
59944.097182	2260798392.445	   0.625	8049
59944.097298	2260798350.845	   0.633	8049
59944.097414	2260798309.544	   0.652	8049
59944.097530	2260798267.144	   0.708	8049
59944.097645	2260798225.644	   0.642	8049
59944.097761	2260798182.744	   0.599	8049
59944.097877	2260798141.944	   0.686	8049
59944.097993	2260798103.944	   0.703	8049
59944.098108	2260798064.444	   0.673	8049
59944.098224	2260798017.843	   0.620	8049
59944.098340	2260797984.043	   0.623	8049
59944.098456	2260797940.243	   0.675	8049
59944.098571	2260797903.943	   0.603	8049
59944.098687	2260797863.743	   0.675	8049
59944.098803	2260797829.343	   0.547	8049
59944.098918	2260797789.243	   0.625	8049
59944.099034	2260797752.043	   0.609	8049
59944.099150	2260797712.942	   0.721	8049
59944.099266	2260797674.942	   0.584	8049
59944.099381	2260797635.242	   0.650	8049
59944.099497	2260797594.842	   0.675	8049
59944.099613	2260797553.942	   0.635	8049
59944.099729	2260797514.042	   0.790	8049
59944.099844	2260797476.642	   0.667	8049
59944.099960	2260797433.941	   0.685	8049
59944.100076	2260797398.341	   0.696	8049
59944.100192	2260797362.241	   0.677	8049
59944.100307	2260797324.741	   0.728	8049
59944.100423	2260797283.741	   0.721	8049
59944.100539	2260797255.341	   0.798	8049
59944.100655	2260797215.441	   0.708	8049
59944.100770	2260797181.841	   0.763	8049
59944.100886	2260797143.640	   0.763	8049
59944.101002	2260797110.840	   0.693	8049
59944.101118	2260797074.540	   0.773	8049
59944.101233	2260797040.840	   0.728	8049
59944.101349	2260797009.440	   0.867	8049
59944.101465	2260796976.040	   0.893	8049
59944.101581	2260796940.440	   0.945	8049
59944.101696	2260796901.940	   0.632	8049
59944.101812	2260796866.540	   0.714	8049
59944.101928	2260796832.939	   0.818	8049
59944.102043	2260796796.239	   0.828	8049
59944.102159	2260796760.339	   0.870	8049
59944.102275	2260796729.439	   0.826	8049
59944.102391	2260796696.439	   0.850	8049
59944.102507	2260796661.339	   0.926	8049
59944.102622	2260796634.339	   0.840	8049
59944.102738	2260796599.939	   0.777	8049
59944.102854	2260796568.439	   0.999	8049
59944.102969	2260796537.938	   0.774	8049
59944.103085	2260796503.038	   0.830	8049
59944.103201	2260796475.338	   0.866	8049
59944.103317	2260796444.938	   0.901	8049
59944.103432	2260796418.038	   0.877	8049
59944.103548	2260796391.238	   0.912	8049
59944.103664	2260796362.938	   0.867	8049
59944.103780	2260796326.638	   0.896	8049
59944.103895	2260796299.538	   0.869	8049
59944.104011	2260796266.738	   0.886	8049
59944.104127	2260796235.437	   0.983	8049
59944.104243	2260796206.137	   0.800	8049
59944.104358	2260796178.037	   0.896	8049
59944.104474	2260796151.037	   0.846	8049
59944.104590	2260796120.337	   0.814	8049
59944.104706	2260796092.937	   0.858	8049
59944.104821	2260796066.837	   0.956	8049
59944.104937	2260796043.537	   0.809	8049
59944.105053	2260796014.037	   0.986	8049
59944.105169	2260795988.937	   0.931	8049
59944.105284	2260795964.237	   0.882	8049
59944.105400	2260795942.136	   1.090	8049
59944.105516	2260795921.336	   1.119	8049
59944.105632	2260795898.536	   0.796	8049
59944.105747	2260795870.436	   0.940	8049
59944.105863	2260795843.036	   0.966	8049
59944.105979	2260795818.636	   0.858	8049
59944.106094	2260795793.436	   0.868	8049
59944.106210	2260795766.336	   1.155	8049
59944.106326	2260795743.436	   1.039	8049
59944.106442	2260795720.036	   1.098	8049
59944.106557	2260795698.936	   1.146	8049
59944.106673	2260795678.036	   1.265	8049
59944.106789	2260795659.036	   1.062	8049
59944.106905	2260795635.935	   1.321	8049
59944.107020	2260795614.135	   1.278	8049
59944.107136	2260795599.535	   1.444	8049
59944.107252	2260795580.235	   1.525	8049
59944.107368	2260795562.735	   1.448	8049
59944.107483	2260795543.235	   1.199	8049
59944.107599	2260795522.135	   1.147	8049
59944.107715	2260795501.835	   1.190	8049
59944.107830	2260795480.535	   1.261	8049
59944.107946	2260795459.735	   1.172	8049
59944.108062	2260795440.135	   1.569	8049
59944.108178	2260795425.935	   1.100	8049
59944.108293	2260795406.335	   1.221	8049
59944.108409	2260795388.835	   1.356	8049
59944.108525	2260795372.735	   1.550	8049
59944.108641	2260795356.835	   1.535	8049
59944.108757	2260795341.634	   1.638	8049
59944.108872	2260795327.834	   1.970	8049
59944.108988	2260795315.334	   2.816	8049
59944.109104	2260795303.034	   1.692	8049
59944.109219	2260795291.234	   1.938	8049
59944.109335	2260795278.034	   1.365	8049
59944.109451	2260795260.734	   1.353	8049
59944.109567	2260795244.334	   1.426	8049
59944.109682	2260795230.234	   1.502	8049
59944.109798	2260795218.734	   1.769	8049
59944.109914	2260795204.434	   1.297	8049
59944.110030	2260795191.434	   1.387	8049
59944.110145	2260795179.734	   1.847	8049
59944.110261	2260795170.134	   1.914	8049
59944.110377	2260795158.234	   2.481	8049
59944.110493	2260795150.134	   3.160	8049
59944.110608	2260795140.234	   2.722	8049
59944.110724	2260795133.734	   3.003	8049
59944.110840	2260795125.134	   3.422	8049
59944.110956	2260795119.134	   2.994	8049
59944.111071	2260795111.134	   1.711	8049
59944.111187	2260795102.034	   1.511	8049
59944.111303	2260795092.134	   2.055	8049
59944.111418	2260795082.234	   2.786	8049
59944.111534	2260795073.234	   2.737	8049
59944.111650	2260795066.434	   2.643	8049
59944.111766	2260795059.034	   5.011	8049
59944.111881	2260795052.634	   9.577	8049
59944.111997	2260795047.333	   7.011	8049
59944.112113	2260795042.833	   6.101	8049
59944.112229	2260795039.233	   7.700	8049
59944.112344	2260795035.733	  10.285	8049
59944.112460	2260795033.733	  13.261	8049
59944.112576	2260795031.833	  15.909	8049
59944.112692	2260795031.233	  28.052	8049
59944.112807	2260795028.433	   5.643	8049
59944.112923	2260795024.533	   5.217	8049
59944.113039	2260795019.133	   7.368	8049
59944.113155	2260795016.133	   6.998	8049
59944.113270	2260795013.533	  10.214	8049
59944.113386	2260795011.433	  24.299	8049
59944.113502	2260795010.233	  43.522	8049
59944.113618	2260795009.533	  43.904	8049
59944.113733	2260795009.733	  32.655	8049
59944.113849	2260795010.633	  25.781	8049
59944.113965	2260795012.233	  13.977	8049
59944.114081	2260795014.833	  21.420	8049
59944.114196	2260795018.233	   8.482	8049
59944.114312	2260795021.333	   8.839	8049
59944.114428	2260795026.633	   6.374	8049
59944.114543	2260795030.233	  34.955	8049
59944.114659	2260795030.633	  29.313	8049
59944.156210	2260803839.363	   0.172	8049
59944.156326	2260803834.263	   2.425	8049
59944.156442	2260803828.963	   2.375	8049
59944.156557	2260803820.363	   2.656	8049
59944.156673	2260803811.863	   3.627	8049
59944.156789	2260803803.263	   3.060	8049
59944.156905	2260803794.063	   2.472	8049
59944.157020	2260803783.563	   2.827	8049
59944.157136	2260803773.063	   3.588	8049
59944.157252	2260803765.763	   3.240	8049
59944.157368	2260803759.163	   3.602	8049
59944.157483	2260803750.763	   3.086	8049
59944.157599	2260803744.062	   3.254	8049
59944.157715	2260803732.762	   2.512	8049
59944.157831	2260803722.962	   2.887	8049
59944.157946	2260803713.262	   2.164	8049
59944.158062	2260803701.962	   2.900	8049
59944.158178	2260803689.762	   2.513	8049
59944.158294	2260803676.662	   2.291	8049
59944.158409	2260803663.962	   2.378	8049
59944.158525	2260803647.862	   1.883	8049
59944.158641	2260803635.262	   2.046	8049
59944.158756	2260803618.562	   1.685	8049
59944.158872	2260803604.962	   1.664	8049
59944.158988	2260803590.562	   2.223	8049
59944.159104	2260803578.362	   1.719	8049
59944.159220	2260803564.962	   1.950	8049
59944.159335	2260803552.562	   1.560	8049
59944.159451	2260803535.562	   1.640	8049
59944.159567	2260803523.262	   1.649	8049
59944.159682	2260803506.062	   1.301	8049
59944.159798	2260803490.762	   1.368	8049
59944.159914	2260803474.062	   1.373	8049
59944.160030	2260803456.862	   1.073	8049
59944.160145	2260803437.161	   0.985	8049
59944.160261	2260803417.261	   1.055	8049
59944.160377	2260803400.761	   0.944	8049
59944.160493	2260803378.261	   0.922	8049
59944.160608	2260803357.061	   0.850	8049
59944.160724	2260803335.261	   0.736	8049
59944.160840	2260803317.861	   1.154	8049
59944.160956	2260803302.061	   1.254	8049
59944.161071	2260803283.761	   1.096	8049
59944.161187	2260803264.261	   1.371	8049
59944.161303	2260803243.761	   1.093	8049
59944.161419	2260803223.561	   1.343	8049
59944.161534	2260803204.061	   0.906	8049
59944.161650	2260803183.261	   0.893	8049
59944.161766	2260803161.361	   0.860	8049
59944.161882	2260803136.460	   0.992	8049
59944.161997	2260803113.660	   0.856	8049
59944.162113	2260803092.460	   0.783	8049
59944.162229	2260803064.660	   0.845	8049
59944.162344	2260803037.760	   0.937	8049
59944.162460	2260803016.560	   0.865	8049
59944.162576	2260802985.860	   0.770	8049
59944.162692	2260802964.060	   1.119	8049
59944.162807	2260802939.060	   1.008	8049
59944.162923	2260802919.060	   0.943	8049
59944.163039	2260802895.460	   0.984	8049
59944.163155	2260802866.760	   0.807	8049
59944.163270	2260802844.659	   0.959	8049
59944.163386	2260802821.059	   1.158	8049
59944.163502	2260802792.259	   1.317	8049
59944.163618	2260802763.459	   1.098	8049
59944.163733	2260802739.859	   1.241	8049
59944.163849	2260802712.259	   1.142	8049
59944.163965	2260802684.559	   1.093	8049
59944.164081	2260802653.959	   1.169	8049
59944.164196	2260802627.759	   0.888	8049
59944.164312	2260802596.959	   0.976	8049
59944.164428	2260802564.859	   0.892	8049
59944.164544	2260802533.158	   0.941	8049
59944.164659	2260802500.358	   1.110	8049
59944.164775	2260802472.958	   1.061	8049
59944.164891	2260802444.958	   1.021	8049
59944.165007	2260802420.258	   0.858	8049
59944.165122	2260802392.258	   1.122	8049
59944.165238	2260802359.458	   1.256	8049
59944.165354	2260802330.258	   1.061	8049
59944.165469	2260802298.458	   0.730	8049
59944.165585	2260802266.358	   0.712	8049
59944.165701	2260802235.757	   0.721	8049
59944.165817	2260802207.557	   0.602	8049
59944.165932	2260802170.457	   0.629	8049
59944.166048	2260802140.857	   0.575	8049
59944.166164	2260802105.057	   0.633	8049
59944.166280	2260802071.857	   0.557	8049
59944.166395	2260802034.457	   0.540	8049
59944.166511	2260802002.057	   0.744	8049
59944.166627	2260801967.657	   0.801	8049
59944.166743	2260801929.556	   0.715	8049
59944.166858	2260801901.256	   0.880	8049
59944.166974	2260801865.456	   0.729	8049
59944.167090	2260801832.356	   0.826	8049
59944.167206	2260801798.356	   0.693	8049
59944.167321	2260801764.456	   0.700	8049
59944.167437	2260801733.556	   0.705	8049
59944.167553	2260801698.956	   0.680	8049
59944.167669	2260801660.756	   0.589	8049
59944.167784	2260801629.955	   0.624	8049
59944.167900	2260801594.355	   0.576	8049
59944.168016	2260801552.155	   0.566	8049
59944.168131	2260801519.355	   0.654	8049
59944.168247	2260801482.955	   0.664	8049
59944.168363	2260801443.555	   0.607	8049
59944.168479	2260801407.655	   0.563	8049
59944.168594	2260801369.455	   0.548	8049
59944.168710	2260801329.354	   0.615	8049
59944.168826	2260801294.854	   0.475	8049
59944.168942	2260801254.354	   0.529	8049
59944.169058	2260801210.754	   0.491	8049
59944.169173	2260801172.454	   0.633	8049
59944.169289	2260801138.354	   0.776	8049
59944.169405	2260801098.854	   0.652	8049
59944.169520	2260801063.954	   0.582	8049
59944.169636	2260801027.653	   0.574	8049
59944.169752	2260800989.553	   0.599	8049
59944.169868	2260800951.853	   0.528	8049
59944.169983	2260800912.253	   0.564	8049
59944.170099	2260800875.553	   0.544	8049
59944.170215	2260800837.853	   0.576	8049
59944.170331	2260800795.153	   0.462	8049
59944.170446	2260800755.153	   0.450	8049
59944.170562	2260800716.352	   0.451	8049
59944.170678	2260800673.852	   0.645	8049
59944.170793	2260800637.052	   0.660	8049
59944.170909	2260800597.252	   0.577	8049
59944.171025	2260800555.052	   0.631	8049
59944.171141	2260800513.952	   0.581	8049
59944.171256	2260800474.352	   0.608	8049
59944.171372	2260800427.451	   0.579	8049
59944.171488	2260800389.851	   0.618	8049
59944.171604	2260800344.451	   0.591	8049
59944.171719	2260800305.451	   0.558	8049
59944.171835	2260800261.151	   0.533	8049
59944.171951	2260800222.251	   0.534	8049
59944.172067	2260800178.251	   0.553	8049
59944.172182	2260800138.850	   0.509	8049
59944.172298	2260800099.150	   0.523	8049
59944.172414	2260800056.150	   0.562	8049
59944.172530	2260800018.750	   0.553	8049
59944.172645	2260799977.450	   0.595	8049
59944.172761	2260799935.150	   0.563	8049
59944.172877	2260799891.450	   0.577	8049
59944.172993	2260799849.850	   0.493	8049
59944.173108	2260799809.949	   0.469	8049
59944.173224	2260799766.249	   0.503	8049
59944.173340	2260799725.949	   0.535	8049
59944.173456	2260799684.149	   0.474	8049
59944.173571	2260799638.749	   0.621	8049
59944.173687	2260799598.149	   0.602	8049
59944.173803	2260799555.749	   0.597	8049
59944.173919	2260799516.448	   0.529	8049
59944.174034	2260799471.348	   0.495	8049
59944.174150	2260799429.048	   0.504	8049
59944.174266	2260799382.648	   0.496	8049
59944.174382	2260799342.648	   0.508	8049
59944.174497	2260799298.648	   0.520	8049
59944.174613	2260799259.548	   0.560	8049
59944.174729	2260799216.347	   0.493	8049
59944.174844	2260799173.847	   0.495	8049
59944.174960	2260799126.047	   0.563	8049
59944.175076	2260799086.047	   0.590	8049
59944.175192	2260799043.847	   0.617	8049
59944.175307	2260798998.947	   0.595	8049
59944.175423	2260798954.347	   0.612	8049
59944.175539	2260798915.046	   0.519	8049
59944.175655	2260798868.246	   0.548	8049
59944.175771	2260798828.646	   0.571	8049
59944.175886	2260798784.046	   0.527	8049
59944.176002	2260798742.946	   0.539	8049
59944.176118	2260798700.946	   0.548	8049
59944.176233	2260798655.046	   0.633	8049
59944.176349	2260798613.545	   0.543	8049
59944.176465	2260798568.045	   0.515	8049
59944.176581	2260798528.245	   0.452	8049
59944.176696	2260798483.045	   0.504	8049
59944.176812	2260798440.445	   0.533	8049
59944.176928	2260798401.945	   0.553	8049
59944.177044	2260798361.145	   0.471	8049
59944.177159	2260798316.644	   0.518	8049
59944.177275	2260798277.944	   0.571	8049
59944.177391	2260798235.944	   0.478	8049
59944.177506	2260798193.644	   0.501	8049
59944.177622	2260798151.344	   0.465	8049
59944.177738	2260798111.744	   0.561	8049
59944.177854	2260798066.944	   0.561	8049
59944.177969	2260798025.543	   0.563	8049
59944.178085	2260797982.643	   0.626	8049
59944.178201	2260797943.343	   0.570	8049
59944.178317	2260797904.043	   0.559	8049
59944.178432	2260797864.143	   0.649	8049
59944.178548	2260797820.143	   0.623	8049
59944.178664	2260797780.343	   0.564	8049
59944.178780	2260797740.742	   0.667	8049
59944.178896	2260797700.542	   0.577	8049
59944.179011	2260797656.742	   0.537	8049
59944.179127	2260797615.442	   0.529	8049
59944.179243	2260797571.442	   0.539	8049
59944.179358	2260797531.042	   0.560	8049
59944.179474	2260797488.142	   0.508	8049
59944.179590	2260797445.941	   0.556	8049
59944.179706	2260797405.841	   0.597	8049
59944.179821	2260797364.541	   0.569	8049
59944.179937	2260797324.441	   0.631	8049
59944.180053	2260797280.341	   0.564	8049
59944.180168	2260797246.541	   0.512	8049
59944.180284	2260797201.941	   0.636	8049
59944.180400	2260797163.241	   0.623	8049
59944.180516	2260797128.040	   0.629	8049
59944.180632	2260797085.940	   0.572	8049
59944.180747	2260797045.940	   0.523	8049
59944.180863	2260797006.140	   0.547	8049
59944.180979	2260796971.740	   0.610	8049
59944.181094	2260796932.640	   0.542	8049
59944.181210	2260796893.640	   0.565	8049
59944.181326	2260796857.940	   0.507	8049
59944.181442	2260796820.239	   0.573	8049
59944.181557	2260796783.339	   0.493	8049
59944.181673	2260796747.639	   0.571	8049
59944.181789	2260796710.839	   0.450	8049
59944.181905	2260796668.139	   0.566	8049
59944.182020	2260796630.739	   0.570	8049
59944.182136	2260796589.839	   0.585	8049
59944.182252	2260796549.938	   0.597	8049
59944.182368	2260796512.238	   0.580	8049
59944.182483	2260796476.938	   0.618	8049
59944.182599	2260796437.438	   0.645	8049
59944.182715	2260796404.138	   0.671	8049
59944.182831	2260796366.838	   0.783	8049
59944.182946	2260796330.838	   0.743	8049
59944.183062	2260796294.838	   0.632	8049
59944.183178	2260796261.138	   0.626	8049
59944.183294	2260796223.437	   0.715	8049
59944.183409	2260796190.637	   0.857	8049
59944.183525	2260796156.937	   0.735	8049
59944.183641	2260796124.337	   0.798	8049
59944.183756	2260796089.937	   0.775	8049
59944.183872	2260796056.237	   0.794	8049
59944.183988	2260796025.937	   0.855	8049
59944.184104	2260795994.237	   0.912	8049
59944.184219	2260795958.137	   0.736	8049
59944.184335	2260795922.536	   0.719	8049
59944.184451	2260795888.836	   0.828	8049
59944.184567	2260795855.836	   0.655	8049
59944.184682	2260795820.836	   0.766	8049
59944.184798	2260795788.436	   0.849	8049
59944.184914	2260795756.136	   0.753	8049
59944.185030	2260795721.836	   0.717	8049
59944.185145	2260795688.036	   0.837	8049
59944.185261	2260795657.636	   0.804	8049
59944.185377	2260795629.335	   0.880	8049
59944.185493	2260795598.635	   0.692	8049
59944.185608	2260795567.335	   0.738	8049
59944.185724	2260795534.735	   0.817	8049
59944.185840	2260795508.535	   0.958	8049
59944.185956	2260795482.635	   0.835	8049
59944.186072	2260795456.135	   0.831	8049
59944.186187	2260795425.435	   1.113	8049
59944.186303	2260795396.735	   0.806	8049
59944.186419	2260795363.235	   0.954	8049
59944.186534	2260795334.034	   0.791	8049
59944.186650	2260795307.034	   0.736	8049
59944.186766	2260795277.434	   0.886	8049
59944.186882	2260795249.134	   0.945	8049
59944.186997	2260795217.934	   0.757	8049
59944.187113	2260795190.534	   0.924	8049
59944.187229	2260795165.334	   0.942	8049
59944.187344	2260795136.734	   0.919	8049
59944.187460	2260795113.434	   0.985	8049
59944.187576	2260795086.234	   0.932	8049
59944.187692	2260795061.734	   1.110	8049
59944.187807	2260795038.433	   1.132	8049
59944.187923	2260795014.033	   1.231	8049
59944.188039	2260794992.233	   1.041	8049
59944.188155	2260794971.533	   1.164	8049
59944.188270	2260794947.533	   1.149	8049
59944.188386	2260794921.233	   0.883	8049
59944.188502	2260794893.433	   1.092	8049
59944.188618	2260794869.933	   1.235	8049
59944.188733	2260794846.133	   1.020	8049
59944.188849	2260794821.033	   1.261	8049
59944.188965	2260794800.633	   1.003	8049
59944.189081	2260794776.633	   1.089	8049
59944.189196	2260794753.333	   1.083	8049
59944.189312	2260794732.932	   1.306	8049
59944.189428	2260794711.932	   1.281	8049
59944.189544	2260794693.132	   1.314	8049
59944.189659	2260794673.432	   1.224	8049
59944.189775	2260794655.432	   1.481	8049
59944.189891	2260794636.932	   1.360	8049
59944.190007	2260794620.832	   1.774	8049
59944.190122	2260794604.932	   1.058	8049
59944.190238	2260794582.232	   1.046	8049
59944.190354	2260794560.232	   1.451	8049
59944.190470	2260794542.232	   1.258	8049
59944.190585	2260794522.532	   1.137	8049
59944.190701	2260794502.932	   1.232	8049
59944.190817	2260794487.032	   1.299	8049
59944.190932	2260794467.732	   1.127	8049
59944.191048	2260794453.032	   1.515	8049
59944.191164	2260794438.931	   1.085	8049
59944.191280	2260794420.831	   1.201	8049
59944.191395	2260794406.431	   1.392	8049
59944.191511	2260794392.931	   1.768	8049
59944.191627	2260794380.931	   1.761	8049
59944.191743	2260794368.431	   2.673	8049
59944.191859	2260794357.631	   2.455	8049
59944.191974	2260794344.931	   1.501	8049
59944.192090	2260794329.831	   1.334	8049
59944.192206	2260794315.131	   1.644	8049
59944.192321	2260794299.931	   1.679	8049
59944.192437	2260794285.731	   2.333	8049
59944.192553	2260794272.631	   1.781	8049
59944.192669	2260794259.331	   1.753	8049
59944.192784	2260794248.131	   2.358	8049
59944.192900	2260794238.731	   2.876	8049
59944.193016	2260794228.631	   3.324	8049
59944.193132	2260794218.131	   2.756	8049
59944.193247	2260794211.831	   2.690	8049
59944.193363	2260794201.531	   3.282	8049
59944.193479	2260794196.131	   3.463	8049
59944.193595	2260794189.031	   3.924	8049
59944.193710	2260794183.731	   4.214	8049
59944.193826	2260794173.331	   1.972	8049
59944.193942	2260794162.231	   2.363	8049
59944.194057	2260794153.831	   2.022	8049
59944.194173	2260794145.330	   2.870	8049
59944.194289	2260794138.130	   2.926	8049
59944.194405	2260794130.530	   2.389	8049
59944.194520	2260794124.030	   3.668	8049
59944.194636	2260794119.730	   4.463	8049
59944.194752	2260794114.830	   5.745	8049
59944.194868	2260794110.830	   6.485	8049
59944.194983	2260794107.630	   7.057	8049
59944.195099	2260794104.830	  12.648	8049
59944.195215	2260794102.730	  18.745	8049
59944.195331	2260794101.530	  20.095	8049
59944.195446	2260794101.230	  28.297	8049
59944.195562	2260794098.330	   5.182	8049
59944.195678	2260794093.330	   4.320	8049
59944.195794	2260794089.430	   8.369	8049
59944.195909	2260794086.330	  11.957	8049
59944.196025	2260794084.230	  14.928	8049
59944.196141	2260794082.330	  16.013	8049
59944.196256	2260794081.630	  39.419	8049
59944.196372	2260794081.330	  55.122	8049
59944.196488	2260794081.930	  22.220	8049
59944.196604	2260794082.930	  17.363	8049
59944.196720	2260794085.030	  10.046	8049
59944.196835	2260794087.430	   6.753	8049
59944.196951	2260794091.530	   9.041	8049
59944.197067	2260794095.430	   6.713	8049
59944.197182	2260794100.930	   4.193	8049
59944.197298	2260794103.430	  30.575	8049
59944.238849	2260802678.759	   3.158	8049
59944.238965	2260802673.559	   6.514	8049
59944.239080	2260802669.659	   4.498	8049
59944.239196	2260802665.959	   5.968	8049
59944.239312	2260802661.459	   2.816	8049
59944.239428	2260802655.259	   6.783	8049
59944.239543	2260802650.259	   2.198	8049
59944.239659	2260802643.659	   1.990	8049
59944.239775	2260802635.359	   1.894	8049
59944.239891	2260802628.259	   3.198	8049
59944.240006	2260802617.959	   1.987	8049
59944.240122	2260802608.759	   2.105	8049
59944.240238	2260802598.259	   1.759	8049
59944.240354	2260802588.559	   1.483	8049
59944.240469	2260802576.959	   1.383	8049
59944.240585	2260802564.859	   1.715	8049
59944.240701	2260802551.659	   1.711	8049
59944.240817	2260802539.058	   2.229	8049
59944.240932	2260802531.858	   1.830	8049
59944.241048	2260802521.858	   1.581	8049
59944.241164	2260802510.958	   1.441	8049
59944.241280	2260802500.558	   1.221	8049
59944.241395	2260802487.958	   1.050	8049
59944.241511	2260802476.158	   1.051	8049
59944.241627	2260802463.958	   1.179	8049
59944.241743	2260802448.558	   0.901	8049
59944.241858	2260802436.158	   0.963	8049
59944.241974	2260802422.058	   0.767	8049
59944.242090	2260802406.458	   1.146	8049
59944.242206	2260802389.958	   0.849	8049
59944.242321	2260802372.658	   0.688	8049
59944.242437	2260802354.858	   0.882	8049
59944.242553	2260802337.958	   0.776	8049
59944.242668	2260802320.958	   0.829	8049
59944.242784	2260802308.458	   0.936	8049
59944.242900	2260802291.258	   0.710	8049
59944.243016	2260802276.058	   0.680	8049
59944.243131	2260802261.158	   0.704	8049
59944.243247	2260802242.457	   0.522	8049
59944.243363	2260802226.457	   0.604	8049
59944.243479	2260802209.257	   0.550	8049
59944.243594	2260802189.357	   0.631	8049
59944.243710	2260802172.157	   0.704	8049
59944.243826	2260802149.757	   0.701	8049
59944.243942	2260802129.857	   0.658	8049
59944.244057	2260802107.057	   0.655	8049
59944.244173	2260802086.957	   0.659	8049
59944.244289	2260802064.057	   0.609	8049
59944.244405	2260802042.357	   0.500	8049
59944.244520	2260802019.357	   0.697	8049
59944.244636	2260801998.857	   0.723	8049
59944.244752	2260801979.257	   0.706	8049
59944.244868	2260801959.257	   0.681	8049
59944.244983	2260801938.356	   0.614	8049
59944.245099	2260801917.356	   0.684	8049
59944.245215	2260801894.656	   0.578	8049
59944.245331	2260801872.356	   0.526	8049
59944.245446	2260801848.956	   0.500	8049
59944.245562	2260801824.256	   0.580	8049
59944.245678	2260801802.156	   0.506	8049
59944.245794	2260801776.456	   0.514	8049
59944.245909	2260801750.856	   0.446	8049
59944.246025	2260801726.056	   0.389	8049
59944.246141	2260801698.556	   0.419	8049
59944.246256	2260801668.756	   0.462	8049
59944.246372	2260801641.355	   0.432	8049
59944.246488	2260801613.655	   0.738	8049
59944.246604	2260801592.155	   0.689	8049
59944.246719	2260801565.755	   0.811	8049
59944.246835	2260801540.055	   0.691	8049
59944.246951	2260801514.655	   0.618	8049
59944.247067	2260801487.755	   0.678	8049
59944.247183	2260801463.855	   0.545	8049
59944.247298	2260801435.755	   0.550	8049
59944.247414	2260801407.855	   0.456	8049
59944.247530	2260801379.255	   0.615	8049
59944.247646	2260801347.454	   0.454	8049
59944.247761	2260801318.954	   0.424	8049
59944.247877	2260801291.554	   0.336	8049
59944.247993	2260801257.554	   0.334	8049
59944.248108	2260801231.354	   0.290	8049
59944.248224	2260801199.054	   0.290	8049
59944.248340	2260801165.254	   0.275	8049
59944.248456	2260801136.754	   0.285	8049
59944.248571	2260801098.254	   0.381	8049
59944.248687	2260801073.154	   0.330	8049
59944.248803	2260801042.653	   0.289	8049
59944.248919	2260801014.153	   0.229	8049
59944.249034	2260800981.153	   0.276	8049
59944.249150	2260800951.953	   0.234	8049
59944.249266	2260800921.953	   0.797	8049
59944.249381	2260800889.553	   0.498	8049
59944.249497	2260800858.753	   0.391	8049
59944.249613	2260800825.353	   0.422	8049
59944.249729	2260800794.453	   0.372	8049
59944.249844	2260800761.253	   0.422	8049
59944.249960	2260800727.152	   0.339	8049
59944.250076	2260800689.852	   0.362	8049
59944.250192	2260800654.852	   0.404	8049
59944.250307	2260800621.252	   0.311	8049
59944.250423	2260800587.352	   0.351	8049
59944.250539	2260800549.852	   0.325	8049
59944.250655	2260800516.052	   0.294	8049
59944.250770	2260800479.752	   0.290	8049
59944.250886	2260800440.151	   0.312	8049
59944.251002	2260800411.551	   0.308	8049
59944.251118	2260800373.751	   0.303	8049
59944.251233	2260800342.451	   0.292	8049
59944.251349	2260800307.451	   0.246	8049
59944.251465	2260800275.251	   0.249	8049
59944.251581	2260800240.051	   0.255	8049
59944.251696	2260800200.851	   0.225	8049
59944.251812	2260800166.651	   0.233	8049
59944.251928	2260800132.850	   0.225	8049
59944.252044	2260800092.150	   0.460	8049
59944.252159	2260800059.050	   0.370	8049
59944.252275	2260800023.450	   0.375	8049
59944.252391	2260799982.850	   0.342	8049
59944.252506	2260799945.650	   0.395	8049
59944.252622	2260799908.050	   0.325	8049
59944.252738	2260799871.650	   0.362	8049
59944.252854	2260799832.749	   0.320	8049
59944.252969	2260799790.849	   0.301	8049
59944.253085	2260799752.649	   0.334	8049
59944.253201	2260799714.449	   0.324	8049
59944.253317	2260799673.849	   0.271	8049
59944.253432	2260799636.849	   0.302	8049
59944.253548	2260799595.149	   0.272	8049
59944.253664	2260799556.449	   0.327	8049
59944.253780	2260799519.548	   0.296	8049
59944.253896	2260799485.548	   0.291	8049
59944.254011	2260799445.948	   0.253	8049
59944.254127	2260799404.348	   0.243	8049
59944.254243	2260799367.348	   0.270	8049
59944.254358	2260799330.148	   0.263	8049
59944.254474	2260799294.148	   0.256	8049
59944.254590	2260799253.648	   0.248	8049
59944.254706	2260799213.247	   0.247	8049
59944.254822	2260799175.147	   0.210	8049
59944.254937	2260799136.147	   0.327	8049
59944.255053	2260799097.147	   0.332	8049
59944.255168	2260799058.847	   0.326	8049
59944.255284	2260799016.947	   0.332	8049
59944.255400	2260798979.747	   0.310	8049
59944.255516	2260798936.646	   0.315	8049
59944.255632	2260798895.446	   0.311	8049
59944.255747	2260798857.646	   0.313	8049
59944.255863	2260798816.946	   0.284	8049
59944.255979	2260798775.346	   0.336	8049
59944.256094	2260798734.746	   0.269	8049
59944.256210	2260798689.046	   0.315	8049
59944.256326	2260798652.746	   0.329	8049
59944.256442	2260798609.445	   0.256	8049
59944.256557	2260798569.645	   0.281	8049
59944.256673	2260798529.145	   0.265	8049
59944.256789	2260798486.945	   0.276	8049
59944.256905	2260798444.645	   0.282	8049
59944.257020	2260798401.845	   0.255	8049
59944.257136	2260798360.145	   0.274	8049
59944.257252	2260798318.844	   0.263	8049
59944.257368	2260798281.144	   0.247	8049
59944.257483	2260798239.044	   0.291	8049
59944.257599	2260798201.944	   0.253	8049
59944.257715	2260798156.944	   0.335	8049
59944.257831	2260798116.244	   0.324	8049
59944.257946	2260798075.144	   0.413	8049
59944.258062	2260798034.843	   0.324	8049
59944.258178	2260797992.443	   0.339	8049
59944.258294	2260797952.243	   0.310	8049
59944.258409	2260797913.743	   0.364	8049
59944.258525	2260797870.643	   0.371	8049
59944.258641	2260797830.643	   0.335	8049
59944.258756	2260797789.843	   0.329	8049
59944.258872	2260797751.343	   0.325	8049
59944.258988	2260797711.442	   0.357	8049
59944.259104	2260797673.742	   0.318	8049
59944.259219	2260797630.342	   0.294	8049
59944.259335	2260797590.542	   0.262	8049
59944.259451	2260797546.242	   0.240	8049
59944.259567	2260797511.142	   0.265	8049
59944.259682	2260797469.142	   0.285	8049
59944.259798	2260797427.141	   0.257	8049
59944.259914	2260797388.341	   0.244	8049
59944.260030	2260797349.341	   0.286	8049
59944.260145	2260797306.641	   0.247	8049
59944.260261	2260797267.341	   0.233	8049
59944.260377	2260797227.741	   0.252	8049
59944.260492	2260797189.141	   0.483	8049
59944.260608	2260797150.041	   0.324	8049
59944.260724	2260797111.440	   0.311	8049
59944.260840	2260797073.040	   0.298	8049
59944.260956	2260797031.440	   0.356	8049
59944.261071	2260796995.140	   0.325	8049
59944.261187	2260796954.140	   0.309	8049
59944.261303	2260796910.640	   0.294	8049
59944.261419	2260796875.440	   0.316	8049
59944.261534	2260796832.039	   0.323	8049
59944.261650	2260796790.339	   0.325	8049
59944.261766	2260796752.039	   0.297	8049
59944.261881	2260796714.239	   0.574	8049
59944.261997	2260796674.139	   0.344	8049
59944.262113	2260796631.739	   0.307	8049
59944.262229	2260796594.539	   0.315	8049
59944.262344	2260796554.639	   0.393	8049
59944.262460	2260796512.838	   0.290	8049
59944.262576	2260796477.038	   0.338	8049
59944.262692	2260796437.638	   0.273	8049
59944.262807	2260796395.738	   0.319	8049
59944.262923	2260796360.638	   0.329	8049
59944.263039	2260796326.538	   0.295	8049
59944.263155	2260796286.138	   0.299	8049
59944.263270	2260796246.137	   0.570	8049
59944.263386	2260796210.137	   0.462	8049
59944.263502	2260796172.837	   0.405	8049
59944.263618	2260796140.337	   0.476	8049
59944.263733	2260796103.737	   0.433	8049
59944.263849	2260796066.137	   0.488	8049
59944.263965	2260796028.937	   0.425	8049
59944.264081	2260795995.737	   0.505	8049
59944.264196	2260795961.337	   0.430	8049
59944.264312	2260795922.736	   0.389	8049
59944.264428	2260795882.836	   0.360	8049
59944.264544	2260795851.336	   0.331	8049
59944.264659	2260795811.736	   0.366	8049
59944.264775	2260795776.336	   0.292	8049
59944.264891	2260795738.536	   0.316	8049
59944.265006	2260795702.336	   0.302	8049
59944.265122	2260795664.136	   0.352	8049
59944.265238	2260795631.435	   0.281	8049
59944.265354	2260795592.535	   0.281	8049
59944.265469	2260795559.835	   0.373	8049
59944.265585	2260795526.135	   0.325	8049
59944.265701	2260795498.135	   0.314	8049
59944.265817	2260795460.135	   0.243	8049
59944.265933	2260795428.135	   0.267	8049
59944.266048	2260795394.335	   0.246	8049
59944.266164	2260795361.535	   0.426	8049
59944.266280	2260795331.434	   0.479	8049
59944.266396	2260795300.134	   0.497	8049
59944.266511	2260795270.034	   0.435	8049
59944.266627	2260795240.334	   0.380	8049
59944.266743	2260795205.234	   0.358	8049
59944.266858	2260795171.634	   0.325	8049
59944.266974	2260795137.634	   0.426	8049
59944.267090	2260795102.334	   0.339	8049
59944.267206	2260795072.934	   0.360	8049
59944.267321	2260795038.533	   0.365	8049
59944.267437	2260795007.033	   0.352	8049
59944.267553	2260794978.233	   0.631	8049
59944.267669	2260794944.133	   0.641	8049
59944.267784	2260794914.033	   0.691	8049
59944.267900	2260794885.133	   0.634	8049
59944.268016	2260794856.733	   0.738	8049
59944.268132	2260794826.733	   0.534	8049
59944.268247	2260794800.733	   0.574	8049
59944.268363	2260794772.433	   0.676	8049
59944.268479	2260794741.432	   0.727	8049
59944.268594	2260794716.432	   0.631	8049
59944.268710	2260794692.032	   0.595	8049
59944.268826	2260794665.632	   0.858	8049
59944.268942	2260794634.532	   0.221	8049
59944.269057	2260794608.032	   0.269	8049
59944.269173	2260794577.132	   0.201	8049
59944.269289	2260794548.032	   0.231	8049
59944.269405	2260794522.732	   0.221	8049
59944.269520	2260794491.132	   0.194	8049
59944.269636	2260794468.332	   0.219	8049
59944.269752	2260794442.731	   0.175	8049
59944.269868	2260794417.031	   0.188	8049
59944.269983	2260794393.131	   0.179	8049
59944.270099	2260794366.531	   0.199	8049
59944.270215	2260794341.631	   0.162	8049
59944.270331	2260794320.031	   0.208	8049
59944.270446	2260794295.831	   0.200	8049
59944.270562	2260794273.731	   0.194	8049
59944.270678	2260794251.531	   0.157	8049
59944.270794	2260794231.731	   0.157	8049
59944.270910	2260794209.331	   0.146	8049
59944.271025	2260794184.331	   0.124	8049
59944.271141	2260794156.631	   0.118	8049
59944.271256	2260794134.330	   0.131	8049
59944.271372	2260794111.830	   0.120	8049
59944.271488	2260794091.330	   0.119	8049
59944.271604	2260794068.330	   0.118	8049
59944.271719	2260794045.130	   0.124	8049
59944.271835	2260794026.830	   0.120	8049
59944.271951	2260794005.830	   0.135	8049
59944.272067	2260793986.930	   0.120	8049
59944.272182	2260793968.030	   0.168	8049
59944.272298	2260793951.630	   0.131	8049
59944.272414	2260793932.030	   0.156	8049
59944.272530	2260793916.830	   0.151	8049
59944.272645	2260793900.030	   0.135	8049
59944.272761	2260793884.430	   0.126	8049
59944.272877	2260793866.330	   0.094	8049
59944.272993	2260793845.329	   0.126	8049
59944.273108	2260793825.729	   0.542	8049
59944.273224	2260793805.929	   0.294	8049
59944.273340	2260793791.129	   0.227	8049
59944.273456	2260793774.429	   0.216	8049
59944.273571	2260793755.729	   0.388	8049
59944.273687	2260793741.029	   0.287	8049
59944.273803	2260793727.329	   0.353	8049
59944.273919	2260793711.529	   0.412	8049
59944.274034	2260793697.029	   0.339	8049
59944.274150	2260793686.429	   0.453	8049
59944.274266	2260793674.129	   0.391	8049
59944.274382	2260793660.829	   0.437	8049
59944.274497	2260793652.029	   0.418	8049
59944.274613	2260793641.329	   0.373	8049
59944.274729	2260793625.029	   0.324	8049
59944.274845	2260793612.029	   0.315	8049
59944.274960	2260793597.629	   0.380	8049
59944.275076	2260793585.529	   0.366	8049
59944.275192	2260793571.029	   0.412	8049
59944.275308	2260793560.729	   0.600	8049
59944.275423	2260793550.529	   0.478	8049
59944.275539	2260793539.428	   0.625	8049
59944.275655	2260793530.228	   0.571	8049
59944.275770	2260793521.428	   0.720	8049
59944.275886	2260793513.528	   0.961	8049
59944.276002	2260793507.228	   1.416	8049
59944.276118	2260793499.728	   1.282	8049
59944.276233	2260793493.128	   2.100	8049
59944.276349	2260793488.328	   1.870	8049
59944.276465	2260793482.028	   1.286	8049
59944.276581	2260793473.328	   0.838	8049
59944.276696	2260793464.228	   1.156	8049
59944.276812	2260793456.828	   1.124	8049
59944.276928	2260793447.628	   1.943	8049
59944.277044	2260793441.728	   1.586	8049
59944.277159	2260793436.428	   3.319	8049
59944.277275	2260793431.528	   2.219	8049
59944.277391	2260793427.128	   2.668	8049
59944.277507	2260793422.728	   2.267	8049
59944.277622	2260793419.428	   2.669	8049
59944.277738	2260793417.728	   6.022	8049
59944.277854	2260793415.728	   5.521	8049
59944.277969	2260793414.928	  15.444	8049
59944.278085	2260793414.428	  15.229	8049
59944.278201	2260793414.828	  15.016	8049
59944.278317	2260793411.828	   3.085	8049
59944.278433	2260793407.828	   2.609	8049
59944.278548	2260793405.328	   2.960	8049
59944.278664	2260793403.028	   4.066	8049
59944.278780	2260793401.328	   8.822	8049
59944.278895	2260793400.528	   8.597	8049
59944.279011	2260793400.428	   8.559	8049
59944.279127	2260793400.828	  14.322	8049
59944.279243	2260793401.828	   6.004	8049
59944.279358	2260793403.428	   3.142	8049
59944.279474	2260793406.728	   2.306	8049
59944.279590	2260793409.628	   1.925	8049
59944.279706	2260793414.328	   1.919	8049
59944.279821	2260793418.528	   1.134	8049
59944.321025	2260801886.456	   0.003	8049
59944.321488	2260801875.456	   0.117	8049
59944.321604	2260801871.456	   0.092	8049
59944.321720	2260801867.056	   0.085	8049
59944.321835	2260801861.956	   0.093	8049
59944.321951	2260801855.856	   0.078	8049
59944.322067	2260801850.656	   0.077	8049
59944.322182	2260801842.056	   0.103	8049
59944.322298	2260801836.056	   0.057	8049
59944.322414	2260801828.256	   0.055	8049
59944.322530	2260801818.356	   0.064	8049
59944.322645	2260801808.556	   0.055	8049
59944.322761	2260801798.556	   0.059	8049
59944.322877	2260801788.756	   0.100	8049
59944.322992	2260801783.756	   0.072	8049
59944.323108	2260801776.056	   0.078	8049
59944.323224	2260801768.356	   0.065	8049
59944.323340	2260801760.356	   0.077	8049
59944.323456	2260801750.756	   0.067	8049
59944.323571	2260801740.656	   0.070	8049
59944.323687	2260801732.156	   0.083	8049
59944.323803	2260801722.256	   0.062	8049
59944.323918	2260801710.356	   0.076	8049
59944.324034	2260801698.856	   0.042	8049
59944.324150	2260801685.956	   0.048	8049
59944.324266	2260801671.456	   0.039	8049
59944.324381	2260801658.456	   0.047	8049
59944.324497	2260801643.055	   0.031	8049
59944.324613	2260801629.655	   0.030	8049
59944.324729	2260801614.555	   0.024	8049
59944.324844	2260801601.355	   0.046	8049
59944.324960	2260801587.755	   0.029	8049
59944.325076	2260801574.955	   0.077	8049
59944.325192	2260801563.155	   0.071	8049
59944.325307	2260801549.455	   0.069	8049
59944.325423	2260801536.355	   0.073	8049
59944.325539	2260801520.655	   0.066	8049
59944.325655	2260801504.355	   0.050	8049
59944.325770	2260801491.055	   0.039	8049
59944.325886	2260801470.955	   0.037	8049
59944.326002	2260801455.055	   0.048	8049
59944.326118	2260801439.755	   0.032	8049
59944.326233	2260801417.855	   0.033	8049
59944.326349	2260801399.155	   0.032	8049
59944.326465	2260801378.455	   0.020	8049
59944.326581	2260801359.755	   0.014	8049
59944.326696	2260801338.654	   0.015	8049
59944.326812	2260801319.354	   0.019	8049
59944.326928	2260801303.454	   0.017	8049
59944.327043	2260801284.054	   0.016	8049
59944.327159	2260801269.154	   0.017	8049
59944.327275	2260801250.454	   0.013	8049
59944.327391	2260801228.954	   0.013	8049
59944.327507	2260801209.754	   0.015	8049
59944.327622	2260801190.554	   0.012	8049
59944.327738	2260801167.154	   0.014	8049
59944.327854	2260801146.654	   0.022	8049
59944.327970	2260801123.054	   0.019	8049
59944.328085	2260801104.054	   0.018	8049
59944.328201	2260801076.854	   0.024	8049
59944.328317	2260801055.154	   0.018	8049
59944.328432	2260801032.553	   0.016	8049
59944.328548	2260801006.953	   0.019	8049
59944.328664	2260800980.753	   0.016	8049
59944.328780	2260800952.953	   0.016	8049
59944.328895	2260800933.753	   0.020	8049
59944.329011	2260800912.753	   0.017	8049
59944.329127	2260800887.853	   0.020	8049
59944.329243	2260800868.253	   0.033	8049
59944.329358	2260800838.553	   0.016	8049
59944.329474	2260800814.753	   0.017	8049
59944.329590	2260800793.253	   0.015	8049
59944.329706	2260800767.353	   0.019	8049
59944.329821	2260800739.852	   0.012	8049
59944.329937	2260800716.452	   0.013	8049
59944.330053	2260800689.152	   0.013	8049
59944.330169	2260800658.752	   0.014	8049
59944.330284	2260800635.052	   0.014	8049
59944.330400	2260800604.452	   0.015	8049
59944.330516	2260800576.452	   0.013	8049
59944.330631	2260800546.452	   0.026	8049
59944.330747	2260800521.052	   0.010	8049
59944.330863	2260800485.352	   0.013	8049
59944.330979	2260800459.252	   0.011	8049
59944.331094	2260800431.651	   0.013	8049
59944.331210	2260800404.651	   0.013	8049
59944.331326	2260800377.451	   0.011	8049
59944.331442	2260800348.551	   0.011	8049
59944.331557	2260800323.451	   0.010	8049
59944.331673	2260800292.751	   0.010	8049
59944.331789	2260800263.551	   0.010	8049
59944.331905	2260800231.851	   0.009	8049
59944.332020	2260800200.551	   0.025	8049
59944.332136	2260800168.451	   0.013	8049
59944.332252	2260800142.450	   0.011	8049
59944.332368	2260800110.050	   0.009	8049
59944.332483	2260800079.350	   0.009	8049
59944.332599	2260800046.650	   0.008	8049
59944.332715	2260800012.350	   0.010	8049
59944.332831	2260799981.650	   0.007	8049
59944.332946	2260799944.650	   0.005	8049
59944.333062	2260799915.750	   0.007	8049
59944.333178	2260799882.250	   0.005	8049
59944.333294	2260799842.849	   0.005	8049
59944.333409	2260799811.649	   0.011	8049
59944.333525	2260799782.249	   0.004	8049
59944.333641	2260799752.449	   0.003	8049
59944.333757	2260799720.549	   0.004	8049
59944.334798	2260799410.048	   0.004	8049
59944.335724	2260799126.147	   0.003	8049
59944.336071	2260799019.047	   0.003	8049
59944.336187	2260798982.847	   0.004	8049
59944.336303	2260798945.446	   0.003	8049
59944.336419	2260798908.746	   0.004	8049
59944.336534	2260798877.046	   0.003	8049
59944.336650	2260798838.446	   0.004	8049
59944.336766	2260798809.546	   0.003	8049
59944.336881	2260798766.146	   0.004	8049
59944.336997	2260798735.446	   0.004	8049
59944.337113	2260798696.746	   0.004	8049
59944.337229	2260798656.846	   0.004	8049
59944.337344	2260798619.045	   0.004	8049
59944.337460	2260798579.545	   0.005	8049
59944.337576	2260798547.745	   0.005	8049
59944.337692	2260798512.045	   0.005	8049
59944.337807	2260798475.545	   0.005	8049
59944.337923	2260798435.645	   0.004	8049
59944.338039	2260798399.645	   0.004	8049
59944.338155	2260798363.145	   0.004	8049
59944.338270	2260798325.444	   0.006	8049
59944.338386	2260798282.844	   0.003	8049
59944.338502	2260798242.244	   0.004	8049
59944.338617	2260798204.244	   0.004	8049
59944.338733	2260798159.244	   0.004	8049
59944.338849	2260798121.944	   0.003	8049
59944.338965	2260798088.844	   0.004	8049
59944.339081	2260798045.643	   0.005	8049
59944.339196	2260798006.543	   0.004	8049
59944.339312	2260797967.143	   0.004	8049
59944.339428	2260797930.443	   0.004	8049
59944.339543	2260797890.943	   0.005	8049
59944.339659	2260797851.743	   0.005	8049
59944.339775	2260797815.343	   0.007	8049
59944.339891	2260797772.343	   0.006	8049
59944.340007	2260797738.442	   0.005	8049
59944.340122	2260797702.142	   0.006	8049
59944.340238	2260797664.542	   0.007	8049
59944.340354	2260797623.042	   0.006	8049
59944.340469	2260797588.142	   0.006	8049
59944.340585	2260797544.542	   0.004	8049
59944.340701	2260797510.142	   0.006	8049
59944.340817	2260797471.642	   0.005	8049
59944.340932	2260797429.941	   0.005	8049
59944.341048	2260797395.641	   0.005	8049
59944.341164	2260797357.441	   0.005	8049
59944.341280	2260797315.741	   0.005	8049
59944.341395	2260797275.841	   0.005	8049
59944.341511	2260797236.341	   0.005	8049
59944.341627	2260797203.941	   0.004	8049
59944.341743	2260797160.041	   0.006	8049
59944.341858	2260797123.140	   0.007	8049
59944.341974	2260797090.540	   0.005	8049
59944.342205	2260797010.940	   0.005	8049
59944.342321	2260796966.540	   0.005	8049
59944.342437	2260796927.240	   0.003	8049
59944.342553	2260796897.240	   0.004	8049
59944.342784	2260796814.939	   0.003	8049
59944.343131	2260796706.639	   0.004	8049
59944.343247	2260796663.539	   0.005	8049
59944.343479	2260796591.239	   0.004	8049
59944.343594	2260796560.939	   0.004	8049
59944.343710	2260796518.138	   0.004	8049
59944.343826	2260796485.538	   0.004	8049
59944.343942	2260796438.638	   0.004	8049
59944.344057	2260796401.938	   0.005	8049
59944.344289	2260796333.638	   0.003	8049
59944.344405	2260796305.738	   0.003	8049
59944.344867	2260796156.837	   0.004	8049
59944.345446	2260795968.037	   0.003	8049
59944.345562	2260795937.836	   0.003	8049
59944.345794	2260795860.436	   0.003	8049
59944.345909	2260795822.336	   0.003	8049
59944.346025	2260795792.036	   0.003	8049
59944.346257	2260795715.836	   0.004	8049
59944.346372	2260795681.436	   0.004	8049
59944.346951	2260795509.035	   0.004	8049
